#NSGA2
popsize 50
maxGen 500
numVar 5
numObj 2
numCons 0
stateFieldNames	currentGen	evaluateCount	totalTime	firstFrontCount	frontCount	avgEvalTime	
#end


#Generation 1 / 500
currentGen	1
evaluateCount	50
totalTime	0.0310266
firstFrontCount	6
frontCount	10
avgEvalTime	4.7182e-05
#end
Var1	Var2	Var3	Var4	Var5	Obj1	Obj2	
0.0641759	0.0582082	0.370423	0.334015	0.423023	0.0641759	3.18259	
0.530914	0.462415	0.711826	0.886194	0.64693	0.530914	5.15121	
0.450685	0.442463	0.864692	0.605123	0.74936	0.450685	5.21395	
0.125618	0.69254	0.104314	0.684313	0.324494	0.125618	4.26526	
0.353894	0.832787	0.18875	0.749392	0.037982	0.353894	3.73055	
0.599205	0.521155	0.550003	0.36996	0.103123	0.599205	2.83711	
0.738113	0.657465	0.0688638	0.672859	0.201987	0.738113	2.75948	
0.127552	0.0782995	0.274485	0.180111	0.367048	0.127552	2.40372	
0.264182	0.0372213	0.994798	0.0343278	0.0109338	0.264182	2.47282	
0.941669	0.0433064	0.558511	0.855652	0.359982	0.941669	2.90011	
0.340268	0.530223	0.0919765	0.0396396	0.148325	0.340268	1.8428	
0.126266	0.171397	0.712167	0.632535	0.135886	0.126266	3.94522	
0.262372	0.716954	0.0840632	0.410467	0.170901	0.262372	3.07188	
0.388141	0.919958	0.641292	0.67631	0.411138	0.388141	5.31601	
0.426296	0.200995	0.855134	0.165253	0.419631	0.426296	3.27796	
0.661866	0.422296	0.32301	0.704295	0.161602	0.661866	2.87556	
0.0773899	0.412682	0.855603	0.510054	0.842337	0.0773899	6.16596	
0.826113	0.744819	0.329028	0.513512	0.747831	0.826113	3.98115	
0.461298	0.266512	0.186983	0.786171	0.993443	0.461298	4.35744	
0.781968	0.912874	0.0089144	0.603037	0.598899	0.781968	3.6527	
0.513917	0.833627	0.482928	0.894914	0.16181	0.513917	4.53484	
0.376788	0.52343	0.518331	0.0838789	0.974498	0.376788	4.25656	
0.356156	0.574778	0.484653	0.115501	0.609311	0.356156	3.67815	
0.910702	0.668186	0.808841	0.223494	0.170655	0.910702	3.03187	
0.203705	0.553172	0.803412	0.695118	0.0678988	0.203705	4.68504	
0.711197	0.187738	0.783706	0.781457	0.655991	0.711197	4.28321	
0.812779	0.928194	0.763496	0.957143	0.533507	0.812779	5.5849	
0.512107	0.612482	0.322063	0.748633	0.865136	0.512107	4.87672	
0.904027	0.475679	0.153015	0.886296	0.219937	0.904027	2.79812	
0.195761	0.084428	0.673107	0.329175	0.226429	0.195761	3.0747	
0.841764	0.442967	0.582814	0.472559	0.200076	0.841764	2.80686	
0.361137	0.31322	0.192233	0.0498361	0.983758	0.361137	3.19333	
0.316964	0.68113	0.13716	0.407133	0.0274797	0.316964	2.71881	
0.831621	0.965492	0.194503	0.468135	0.177141	0.831621	3.01014	
0.500051	0.816622	0.686879	0.545773	0.736718	0.500051	5.36202	
0.914389	0.643472	0.239429	0.669275	0.782996	0.914389	3.86276	
0.731774	0.853246	0.63347	0.491216	0.0141729	0.731774	3.4793	
0.301276	0.085848	0.074384	0.299313	0.494075	0.301276	2.17214	
0.356161	0.300245	0.145991	0.0905298	0.668939	0.356161	2.56289	
0.446979	0.571382	0.149139	0.374316	0.384525	0.446979	2.9376	
0.346367	0.594133	0.451682	0.732791	0.0340728	0.346367	3.75224	
0.368129	0.906104	0.843398	0.582467	0.515382	0.368129	5.75531	
0.886116	0.0291725	0.639551	0.845608	0.403113	0.886116	3.14422	
0.759272	0.916505	0.0998224	0.809471	0.724223	0.759272	4.47577	
0.37363	0.0438705	0.227639	0.179112	0.101176	0.37363	1.32639	
0.989541	0.632488	0.260788	0.0896049	0.985555	0.989541	3.11118	
0.829787	0.0664089	0.972131	0.689411	0.0536864	0.829787	2.97002	
0.219326	0.230576	0.737146	0.747077	0.15537	0.219326	4.13913	
0.460081	0.549095	0.829427	0.175243	0.206197	0.460081	3.4493	
0.304037	0.00170465	0.206054	0.614759	0.0396345	0.304037	1.99442	



#Generation 10 / 500
currentGen	10
evaluateCount	500
totalTime	0.575216
firstFrontCount	13
frontCount	4
avgEvalTime	1.0158e-05
#end
Var1	Var2	Var3	Var4	Var5	Obj1	Obj2	
0.597064	0.018095	0	0	0.0205464	0.597064	0.281354	
0.511155	0.018095	0.0400513	0	0.00111127	0.511155	0.372207	
0.344112	0	0.0228796	0	0	0.344112	0.449959	
0.423444	0	0.0228796	0.00891739	0	0.423444	0.397942	
0.55313	0	0.0228796	0.00270987	0	0.55313	0.292738	
0.0682375	0.0445635	0	0.00197163	0	0.0682375	0.830146	
0.170031	0.0148157	0	0	0	0.170031	0.61417	
0.719282	0.0163774	0	0	0.068365	0.719282	0.265237	
0.510396	0.018095	0.0400513	0	0.00111127	0.510396	0.372773	
0	0.000323804	0	0.00509705	0	0	1.0122	
0.383138	0	0.0174474	0	0.00248484	0.383138	0.412139	
0.599738	0.0292916	0	0	0	0.599738	0.266366	
0.114485	0.0150228	0.0228796	0	0.00394512	0.114485	0.740229	
0.0719214	0	0.10584	0	0	0.0719214	0.93973	
0.0719214	0	0.10584	0	0	0.0719214	0.93973	
0.0415103	0	0.0672026	0.0480866	0	0.0415103	1.03076	
0.114485	0.0522044	0.0228796	0	0.00476011	0.114485	0.812154	
0	0	0.0204646	0.00509705	0.00382271	0	1.06611	
0.0936918	0.0148157	0.00958027	0.0534254	0	0.0936918	0.843289	
0.0839604	0	0.0379571	0	0.0442	0.0839604	0.869448	
0.383138	0.000295128	0.0594833	0	0	0.383138	0.475206	
0.400906	0.00430315	0.0228796	0.0351984	0	0.400906	0.464209	
0.366699	0	0.107196	0	0	0.366699	0.566548	
0.597064	0.018095	0	0.0186733	0.0205464	0.597064	0.307946	
0.156773	0	0.0820816	0	0	0.156773	0.753724	
0.136532	0	0.00218114	0.0954552	0	0.136532	0.811607	
0.344112	0.135	0	0	0	0.344112	0.633947	
0.448639	0.0228953	0.0214208	0.0144667	0	0.448639	0.419536	
0.255972	0	0	0.0897976	0.00425369	0.255972	0.654713	
0.270357	0	0.10584	0	0.033991	0.270357	0.718452	
0.299425	0	0.111	0.0348684	0	0.299425	0.697572	
0.322342	0.120184	0.0228796	0	0	0.322342	0.669129	
0.448639	0	0.0503987	0.0144667	0	0.448639	0.428928	
0.597064	0.0292916	0	0.0472933	0.0205464	0.597064	0.36558	
0.0719214	0	0.10897	0	0	0.0719214	0.945926	
0.597064	0.0292916	0	0.0472933	0.0205464	0.597064	0.36558	
0.121239	0	0.105459	0	0	0.121239	0.849977	
0.407865	0	0.0722114	0	0	0.407865	0.473902	
0.379449	0	0.167887	0	0.00513331	0.379449	0.663233	
0.753848	0.097432	0	0.0472933	0.0223107	0.753848	0.357417	
0.171893	0	0.10584	0	0	0.171893	0.776808	
0.449092	6.48248e-05	0.0594833	0	0	0.449092	0.420357	
0.201654	0	0.0450553	0.0236449	0.0474707	0.201654	0.757041	
0.13863	0	0.0203927	0.0712498	0.0254435	0.13863	0.844933	
0	0	0.052821	0	0.00382271	0	1.12745	
0.0295045	0.0168522	0.10584	0	0	0.0295045	1.08202	
0.11983	0	0.145861	0	0	0.11983	0.929244	
0	0	0.0543316	0.0063425	0	0	1.13652	
0.719282	0.018095	0.0127281	0	0.152918	0.719282	0.405129	
0	0	0.0543316	0.0063425	0	0	1.13652	



#Generation 20 / 500
currentGen	20
evaluateCount	1000
totalTime	0.827936
firstFrontCount	50
frontCount	1
avgEvalTime	8.4e-06
#end
Var1	Var2	Var3	Var4	Var5	Obj1	Obj2	
0	0	0	0	0	0	1	
0.934822	0.00102801	0	0	0	0.934822	0.0343336	
0.868525	0	0	0	0	0.868525	0.0680531	
0.52051	0	0	0	0	0.52051	0.278537	
0.00585237	0	0	0	0.00141745	0.00585237	0.926567	
0.226285	0	0	0	0.000117281	0.226285	0.524507	
0.295232	0	0	0	0	0.295232	0.456648	
0.909614	0	0	0	0	0.909614	0.0462633	
0.0175161	0	0.00031081	0	0.00321651	0.0175161	0.875064	
0.0291953	0.00562048	0	0	0	0.0291953	0.840703	
0.0395319	0	0	0	0	0.0395319	0.801174	
0.479757	0	0	0	0	0.479757	0.307355	
0.59664	0	0	0	0.00884623	0.59664	0.23983	
0.546961	0	0	0	0	0.546961	0.260432	
0.562884	0	0	0	0	0.562884	0.249744	
0.096616	0	0	0	0	0.096616	0.689169	
0.179688	0	0	0	0	0.179688	0.576104	
0.207761	0	0	0	0	0.207761	0.544192	
0.780548	0.000202435	0	0	0	0.780548	0.116768	
0.350867	0	0	0	3.7079e-05	0.350867	0.407718	
0.322598	0	0	0	0	0.322598	0.432023	
0.0726887	0	0	0	2.90262e-05	0.0726887	0.730448	
0.606429	0	0	0	0	0.606429	0.221264	
0.70258	0	0	0	0	0.70258	0.1618	
0.112397	0	0	0	0	0.112397	0.664743	
0.805217	0	0	0	0	0.805217	0.102661	
0.0165176	0.00390831	0	0.0160941	0	0.0165176	0.913624	
0.667592	0	0	0	0	0.667592	0.182937	
0.281925	0.00560311	0	0	2.66487e-05	0.281925	0.478349	
0.193007	0	0	0	0.000161409	0.193007	0.560958	
0.739781	0	0	0	0	0.739781	0.139895	
0.724386	0	0	0	0	0.724386	0.148891	
0.160661	0	0	0	0	0.160661	0.599175	
0.820616	0	0	0	0	0.820616	0.0941213	
0.391042	0	0	0	0	0.391042	0.374666	
0.684323	0.00153541	0	0	0	0.684323	0.174789	
0.463813	0	0	0	0	0.463813	0.318962	
0.423444	0	0	0.00259966	0.00126459	0.423444	0.355146	
0.434646	0	0	0	0	0.434646	0.340723	
0.0578375	0	0	0	0.00161099	0.0578375	0.762695	
0.331765	0	0	0	0.00124492	0.331765	0.426005	
0.401793	0	0	0	0	0.401793	0.366129	
0.645031	0	0	0	0	0.645031	0.196862	
0.0578375	0	0	0	0.00161099	0.0578375	0.762695	
0.635091	0	0	0	0.00653764	0.635091	0.211944	
0.269972	0.00757864	0	0	0	0.269972	0.493052	
0.122615	0	0	0	0	0.122615	0.649836	
0.0867253	0.00235708	0	0	0	0.0867253	0.710032	
0.254002	0	0	0	0	0.254002	0.496014	
0.370587	0	0	0	8.21585e-05	0.370587	0.39137	



#Generation 30 / 500
currentGen	30
evaluateCount	1500
totalTime	1.03189
firstFrontCount	50
frontCount	1
avgEvalTime	9.258e-06
#end
Var1	Var2	Var3	Var4	Var5	Obj1	Obj2	
1	0	0	0	0	1	0	
0	0	0	0	0	0	1	
1	0	0	0	0	1	0	
0	0	0	0	0	0	1	
0.131518	0	0	0	0	0.131518	0.637346	
0.160661	0	0	0	0	0.160661	0.599175	
0.0809783	0	0	0	0	0.0809783	0.715433	
0.195746	0	0	0	0	0.195746	0.557568	
0.945884	0.000347669	0	0	0	0.945884	0.0278363	
0.768661	0.000453781	0	0	0	0.768661	0.123841	
0.591608	0	0	0	0	0.591608	0.230839	
0.00585237	0	0	0	0.00141745	0.00585237	0.926567	
0.510756	0	0	0	0	0.510756	0.285328	
0.667592	0	0	0	0	0.667592	0.182937	
0.0477211	0	0	0	0	0.0477211	0.781549	
0.720289	0	0	0	0	0.720289	0.151302	
0.546961	0	0	0	0	0.546961	0.260432	
0.934203	0	0	0	0	0.934203	0.0334581	
0.252056	0	0	0	0	0.252056	0.497948	
0.179688	0	0	0	0	0.179688	0.576104	
0.303745	0	0	0	4.8818e-05	0.303745	0.448949	
0.370587	0	0	0	0	0.370587	0.391241	
0.758536	0	0	0	0	0.758536	0.12906	
0.570477	0	0	0	0	0.570477	0.244701	
0.0318572	0	0	0	0	0.0318572	0.821514	
0.281505	0	0	0	0	0.281505	0.46943	
0.113142	0	0	0	0	0.113142	0.663634	
0.338849	0	0	0	0	0.338849	0.417893	
0.434646	0	0	0	0	0.434646	0.340723	
0.00795024	0.00288013	0	0	0	0.00795024	0.917028	
0.645031	0	0	0	0	0.645031	0.196862	
0.0291953	0.00392136	0	0	0	0.0291953	0.837205	
0.699184	0	0	0	0	0.699184	0.163828	
0.0561336	0	0	0	0	0.0561336	0.763075	
0.522461	0	0	0	0	0.522461	0.277185	
0.821704	0	0	0	0	0.821704	0.0935212	
0.227296	0	0	0	1.42803e-05	0.227296	0.523269	
0.113142	0	0	0	0	0.113142	0.663634	
0.269972	0.00492405	0	0	0	0.269972	0.48862	
0.227296	0	0	0	1.42803e-05	0.227296	0.523269	
0.860767	0.000453781	0	0	0	0.860767	0.0727723	
0.895104	0.00100968	0	0	0	0.895104	0.0550982	
0.895104	0.00100968	0	0	0	0.895104	0.0550982	
0.0165176	0	0	0	0	0.0165176	0.871479	
0.0678749	0	0	0	0	0.0678749	0.739472	
0.83567	0	0	0	0	0.83567	0.0858502	
0.470051	0	0	0	0	0.470051	0.314398	
0.628123	0	0	0	0	0.628123	0.207458	
0.0168919	0	0	0	0	0.0168919	0.870031	
0.413885	0	0	0	0	0.413885	0.356661	



#Generation 40 / 500
currentGen	40
evaluateCount	2000
totalTime	1.23512
firstFrontCount	50
frontCount	1
avgEvalTime	8.256e-06
#end
Var1	Var2	Var3	Var4	Var5	Obj1	Obj2	
0	0	0	0	0	0	1	
1	0	0	0	0	1	0	
0	0	0	0	0	0	1	
1	0	0	0	0	1	0	
0.685291	0	0	0	0	0.685291	0.172177	
0.225573	0	0	0	0	0.225573	0.525055	
0.270237	0	0	0	0	0.270237	0.480156	
0.303745	0	0	0	0	0.303745	0.44887	
0.00585237	0	0	0	0.00141745	0.00585237	0.926567	
0.0899851	0	0	0	0	0.0899851	0.700025	
0.0165176	0	0	0	0	0.0165176	0.871479	
0.195262	0	0	0	0	0.195262	0.558116	
0.123009	0	0	0	0	0.123009	0.649274	
0.479853	0	0	0	0	0.479853	0.307286	
0.864559	0	0	0	0	0.864559	0.0701834	
0.105356	0	0	0	0	0.105356	0.675414	
0.431852	0	0	0	0	0.431852	0.342846	
0.980621	0.000347669	0	0	0	0.980621	0.0101317	
0.895104	0.00054001	0	0	0	0.895104	0.0545409	
0.00162382	0	0	0	0	0.00162382	0.959703	
0.815457	0	0	0	0	0.815457	0.0969736	
0.731454	0	0	0	0	0.731454	0.144749	
0.344597	0	0	0	0	0.344597	0.412976	
0.324223	0	0	0	0	0.324223	0.430594	
0.851367	0.015141	0	0	0.000523735	0.851367	0.0964306	
0.623651	0	0	0	0	0.623651	0.210284	
0.945884	0.000347669	0	0	0	0.945884	0.0278363	
0.572396	0	0	0	0	0.572396	0.243431	
0.78818	0	0	0	0	0.78818	0.112205	
0.658853	0	0	0	0	0.658853	0.188302	
0.143685	0	0	0	1.11348e-06	0.143685	0.620944	
0.596974	0	0	0	0	0.596974	0.227359	
0.503763	0	0	0	0	0.503763	0.290237	
0.546961	0	0	0	0	0.546961	0.260432	
0.91695	0	0	0	0	0.91695	0.0424249	
0.734255	0.000177147	0	0	0	0.734255	0.143341	
0.366401	0	0	0	0.000314839	0.366401	0.395183	
0.546961	0	0	0	0	0.546961	0.260432	
0.450774	0	0	0	0.000666681	0.450774	0.329599	
0.503763	0	0	0	0	0.503763	0.290237	
0.0678749	0	0	0	0	0.0678749	0.739472	
0.0371253	0	0	0	0	0.0371253	0.807321	
0.0291953	0.00392136	0	0	0	0.0291953	0.837205	
0.0241398	0	0	0	0	0.0241398	0.84463	
0.0406984	0	0	0	0	0.0406984	0.798261	
0.0678749	0	0	0	0	0.0678749	0.739472	
0.249897	0	0	0	0	0.249897	0.500103	
0.160288	0	0	0	0	0.160288	0.59964	
0.249897	0	0	0	0	0.249897	0.500103	
0.934136	0	0	0	0	0.934136	0.0334928	



#Generation 50 / 500
currentGen	50
evaluateCount	2500
totalTime	1.42777
firstFrontCount	50
frontCount	1
avgEvalTime	7.946e-06
#end
Var1	Var2	Var3	Var4	Var5	Obj1	Obj2	
1	0	0	0	0	1	0	
0	0	0	0	0	0	1	
1	0	0	0	0	1	0	
0	0	0	0	0	0	1	
0.719189	0	0	0	0	0.719189	0.15195	
0.143685	0	0	0	7.27587e-07	0.143685	0.620944	
0.0339165	0	0	0	0	0.0339165	0.815836	
0.764616	0	0	0	0	0.764616	0.125577	
0.00601704	0	0	0	0.00112179	0.00601704	0.924857	
0.536929	0	0	0	0	0.536929	0.267246	
0.878249	0	0	0	0	0.878249	0.0628506	
0.91695	0	0	0	0	0.91695	0.0424249	
0.820362	0	0	0	0.000523735	0.820362	0.0949064	
0.378007	0	0	0	0	0.378007	0.385177	
0.160288	0	0	0	0	0.160288	0.59964	
0.450505	0.00650015	0	0	0	0.450505	0.338538	
0.851367	0	0	0	0	0.851367	0.0773047	
0.244945	0	0	0	0	0.244945	0.505081	
0.78818	0	0	0	0	0.78818	0.112205	
0.00145915	0	0	0	0.000295653	0.00145915	0.962454	
0.944018	0	0	0	0	0.944018	0.0283941	
0.685291	0	0	0	0	0.685291	0.172177	
0.473371	0	0	0	0	0.473371	0.31198	
0.503763	0	0	0	0	0.503763	0.290237	
0.0917083	0	0	0	0	0.0917083	0.697166	
0.417979	0	0	0	0	0.417979	0.353487	
0.970829	0	0	0	0.000523735	0.970829	0.0152914	
0.0535705	0	0	0	0	0.0535705	0.768547	
0.192878	0.00965341	0	0	0.000523735	0.192878	0.57872	
0.563991	0	0	0	0	0.563991	0.249007	
0.0199168	0	0	0	0	0.0199168	0.858873	
0.224213	0	0	0	0	0.224213	0.526488	
0.62023	0	0	0	0	0.62023	0.212453	
0.107865	0	0	0	0	0.107865	0.671571	
0.0831427	0.00548755	0	0	0.00141745	0.0831427	0.72496	
0.599803	0	0	0	0	0.599803	0.22553	
0.107865	0	0	0	0	0.107865	0.671571	
0.324223	0	0	0	0	0.324223	0.430594	
0.336267	0	0	0	0	0.336267	0.420115	
0.581248	0	0	0	0	0.581248	0.237604	
0.273481	0.00692134	0	0	0	0.273481	0.488563	
0.220017	0.0103003	0	0	0	0.220017	0.548711	
0.356281	0	0	0	0	0.356281	0.403107	
0.303745	0	0	0	0	0.303745	0.44887	
0.0165176	0	0	0	0	0.0165176	0.871479	
0.677991	0.0103003	0	0	0	0.677991	0.190287	
0.29207	0	0	0	0	0.29207	0.459565	
0.0678749	0	0	0	0	0.0678749	0.739472	
0.490823	0	0	0	0	0.490823	0.299413	
0.641272	0	0	0	0	0.641272	0.199205	



#Generation 60 / 500
currentGen	60
evaluateCount	3000
totalTime	1.6187
firstFrontCount	50
frontCount	1
avgEvalTime	1.01e-05
#end
Var1	Var2	Var3	Var4	Var5	Obj1	Obj2	
0	0	0	0	0	0	1	
1	0	0	0	0	1	0	
1	0	0	0	0	1	0	
0	0	0	0	0	0	1	
0.497851	0	0	0	0	0.497851	0.294414	
0.0433498	0.000362492	0	0	0.00393326	0.0433498	0.800455	
0.57051	0	0	0	0	0.57051	0.244679	
0.351329	0	0	0	0	0.351329	0.40727	
0.108513	0	0	0	0	0.108513	0.670587	
0.977668	0	0	0	0	0.977668	0.0112292	
0.27956	0	0	0	0.000177673	0.27956	0.47156	
0.0261564	0	0	0	0	0.0261564	0.838271	
0.251206	0	0	0	0	0.251206	0.498795	
0.886433	0	0	0	0	0.886433	0.0584943	
0.928398	0	0	0	0	0.928398	0.0364657	
0.0777607	0	0	0	0	0.0777607	0.721144	
0.759814	0	0	0	0	0.759814	0.128327	
0.315903	0	0	0	0	0.315903	0.437948	
0.78818	0	0	0	0	0.78818	0.112205	
0.121212	0	0	0	0	0.121212	0.651845	
0.439106	0	0	0	0	0.439106	0.337349	
0.207848	0.00726667	0	0	0	0.207848	0.556735	
0.00145915	0	0	0	0	0.00145915	0.961801	
0.00601704	0	0	0	0.00112179	0.00601704	0.924857	
0.62023	0	0	0	0	0.62023	0.212453	
0.183149	0	0	0	0	0.183149	0.572041	
0.384981	0	0	0	0	0.384981	0.379531	
0.42135	0	0	0	0	0.42135	0.350885	
0.0680538	0	0	0	0	0.0680538	0.739129	
0.303745	0	0	0	0	0.303745	0.44887	
0.729266	0	0	0	0	0.729266	0.146029	
0.0165176	0	0	0	0	0.0165176	0.871479	
0.914449	0	0	0	0	0.914449	0.0437319	
0.652603	0	0	0.0124754	0	0.652603	0.208972	
0.165364	0	0	0	0	0.165364	0.593351	
0.820362	0	0	0	0.000523735	0.820362	0.0949064	
0.698437	0	0	0	0	0.698437	0.164274	
0.851367	0	0	0	0	0.851367	0.0773047	
0.233595	0.00331126	0	0	0.000114782	0.233595	0.522532	
0.473371	0	0	0	0	0.473371	0.31198	
0.473371	0	0	0	0	0.473371	0.31198	
0.851367	0	0	0	0	0.851367	0.0773047	
0.816826	0	0	0	0	0.816826	0.096216	
0.719189	0	0	0	0	0.719189	0.15195	
0.222258	0	0	0	0	0.222258	0.528558	
0.593736	0	0	0	0	0.593736	0.229457	
0.143685	0	0	0	0	0.143685	0.620942	
0.0117645	0	0	0	0	0.0117645	0.891536	
0.143685	0	0	0	0	0.143685	0.620942	
0.665892	0	0	0	0	0.665892	0.183978	



#Generation 70 / 500
currentGen	70
evaluateCount	3500
totalTime	1.82148
firstFrontCount	50
frontCount	1
avgEvalTime	1.0662e-05
#end
Var1	Var2	Var3	Var4	Var5	Obj1	Obj2	
0	0	0	0	0	0	1	
1	0	0	0	0	1	0	
0	0	0	0	0	0	1	
1	0	0	0	0	1	0	
0.1166	0	0	0	0	0.1166	0.658533	
0.355726	0	0	0	0	0.355726	0.403572	
0.0433498	0	0	0	0.00052818	0.0433498	0.792858	
0.145036	0	0	0	0	0.145036	0.619164	
0.310972	0	0	0	0	0.310972	0.442351	
0.500606	0	0	0	0.00052818	0.500606	0.293233	
0.928398	0	0	0	0	0.928398	0.0364657	
0.85485	0	0	0	0	0.85485	0.0754192	
0.787578	0	0	0	0	0.787578	0.112544	
0.680286	0	0	0	0	0.680286	0.175205	
0.528593	0	0	0	0	0.528593	0.272956	
0.165364	0	0	0	0	0.165364	0.593351	
0.183149	0	0	0	0	0.183149	0.572041	
0.271334	0	0	0	0.00132357	0.271334	0.481306	
0.378335	0	0	0	0	0.378335	0.384911	
0.0927932	0	0	0	0	0.0927932	0.69538	
0.29628	0	5.21522e-05	0	0.000563455	0.29628	0.456692	
0.704949	0	0	0	0	0.704949	0.160387	
0.401612	0	0	0	0	0.401612	0.366271	
0.233595	0	0	0	0	0.233595	0.516683	
0.000643015	0	0	0	0	0.000643015	0.974642	
0.252833	0	0	0	0	0.252833	0.497175	
0.820899	0	0	0	0	0.820899	0.0939653	
0.0680538	0	0	0	0	0.0680538	0.739129	
0.030562	0	0	0	0.00052818	0.030562	0.826265	
0.0165176	0	0	0	0	0.0165176	0.871479	
0.430522	0	0.000224891	0	0	0.430522	0.344198	
0.46584	0	0	0	0	0.46584	0.317475	
0.215643	0	0	0	0.000533628	0.215643	0.536548	
0.61653	0	0	0	0.00052818	0.61653	0.215528	
0.46584	0	0	0	0	0.46584	0.317475	
0.0253221	0	0	0	0	0.0253221	0.840871	
0.896299	0	0	0	0	0.896299	0.0532692	
0.553122	0	0	0	0	0.553122	0.256278	
0.648397	0	0	0	0.00052818	0.648397	0.195479	
0.0680538	0	0	0	0	0.0680538	0.739129	
0.977668	0	0	0	0	0.977668	0.0112292	
0.896299	0	0	0	0	0.896299	0.0532692	
0.833886	0	0	0	0	0.833886	0.0868267	
0.0047445	0	0	0	0	0.0047445	0.93112	
0.754696	0	0	0	0	0.754696	0.131268	
0.760805	0	0	0	0	0.760805	0.127759	
0.0117645	0	0	0	0	0.0117645	0.891536	
0.0047445	0	0	0	0	0.0047445	0.93112	
0.960317	0	0	0	0	0.960317	0.0200424	
0.729266	0	0	0	0	0.729266	0.146029	



#Generation 80 / 500
currentGen	80
evaluateCount	4000
totalTime	2.01955
firstFrontCount	50
frontCount	1
avgEvalTime	8.794e-06
#end
Var1	Var2	Var3	Var4	Var5	Obj1	Obj2	
1	0	0	0	0	1	0	
0	0	0	0	0	0	1	
1	0	0	0	0	1	0	
0	0	0	0	0	0	1	
0.879294	0	0	0	0	0.879294	0.062293	
0.185797	0	0	0	0	0.185797	0.568958	
0.399852	0	0	0	0	0.399852	0.367662	
0.787578	0	0	0	0	0.787578	0.112544	
0.928398	0	0	0	0	0.928398	0.0364657	
0.953505	0	0	0	0	0.953505	0.0235243	
0.0944062	0	0	0	0	0.0944062	0.692744	
0.589835	0	0	0	0.000469496	0.589835	0.232644	
0.040515	0	0	0	0	0.040515	0.798717	
0.474481	0	0	0	0	0.474481	0.311174	
0.426448	0	0	0	0	0.426448	0.34697	
0.500606	0	0	0	0	0.500606	0.292465	
0.0762587	0	0.00168918	0	0	0.0762587	0.727127	
0.521893	0	0	0	0	0.521893	0.277579	
0.836434	0	0	0	0	0.836434	0.0854324	
0.554219	0	0	0.00188899	0.000294445	0.554219	0.258627	
0.760805	0	0	0	0	0.760805	0.127759	
0.282533	0	0	0	0	0.282533	0.468462	
0.836434	0	0	0	0	0.836434	0.0854324	
0.252877	0	0	0	0	0.252877	0.497131	
0.135962	0	0	0	0	0.135962	0.63127	
0.0253221	0	0	0	0	0.0253221	0.840871	
0.0032268	0	0	0	0	0.0032268	0.943195	
0.0117645	0	0	0	0	0.0117645	0.891536	
0.309435	0	0	0	0	0.309435	0.443731	
0.20393	0	0	0	0	0.20393	0.548413	
0.355726	0	0	0	0	0.355726	0.403572	
0.334816	0	0	0	0	0.334816	0.421367	
0.1166	0	0	0	0	0.1166	0.658533	
0.699549	0	0	0	0	0.699549	0.163609	
0.145036	0	0	0	0	0.145036	0.619164	
0.0509154	0	0	0	0	0.0509154	0.774356	
0.0117645	0	0	0	0	0.0117645	0.891536	
0.675126	0	0	0	0.000413476	0.675126	0.178888	
0.355726	0	0	0	0	0.355726	0.403572	
0.110912	0	0	0	0	0.110912	0.666965	
0.0253221	0	0	0	0	0.0253221	0.840871	
0.645897	0	0	0	0	0.645897	0.196323	
0.0032268	0	0	0	0	0.0032268	0.943195	
0.145036	0	0	0	0	0.145036	0.619164	
0.288602	0	0	0	0	0.288602	0.462783	
0.546594	0	0	0	0	0.546594	0.26068	
0.247657	0	0	0	0	0.247657	0.502349	
0.215643	0	0	0	0.000358663	0.215643	0.536246	
0.0659325	0	0	0	0	0.0659325	0.743227	
0.322807	0	0	0	0	0.322807	0.431839	



#Generation 90 / 500
currentGen	90
evaluateCount	4500
totalTime	2.22461
firstFrontCount	50
frontCount	1
avgEvalTime	9.098e-06
#end
Var1	Var2	Var3	Var4	Var5	Obj1	Obj2	
0	0	0	0	0	0	1	
1	0	0	0	0	1	0	
1	0	0	0	0	1	0	
0	0	0	0	0	0	1	
0.0762587	0	0	0	0	0.0762587	0.72385	
0.0463615	0	0	0	0	0.0463615	0.784683	
0.284846	0	0	0	0	0.284846	0.46629	
0.799474	0	0	0	0	0.799474	0.105867	
0.178105	0	0	0	0	0.178105	0.577975	
0.928398	0	0	0	0	0.928398	0.0364657	
0.159027	0	0	0	0	0.159027	0.601218	
0.0285917	0	0	0	0	0.0285917	0.830909	
0.0117645	0	0	0	0	0.0117645	0.891536	
0.215643	0	0	0	0.000358663	0.215643	0.536246	
0.437756	0	0	0	0	0.437756	0.338369	
0.327864	0	0	0	0.000358663	0.327864	0.427982	
0.247476	0	0	0	0.000358663	0.247476	0.503136	
0.31001	0	0	0	0	0.31001	0.443215	
0.204124	0	0	0	0	0.204124	0.5482	
0.0174266	0	0	0	0	0.0174266	0.86799	
0.375348	0	0	0	0.000413476	0.375348	0.387989	
0.876839	0	0	0	0	0.876839	0.0636031	
0.255643	0	0	0	0	0.255643	0.494389	
0.407704	0	0	0	0.000419781	0.407704	0.362126	
0.355185	0	0	0	0	0.355185	0.404026	
0.580163	0	0	0	0	0.580163	0.238316	
0.727866	0	0	0	3.83932e-05	0.727866	0.146899	
0.522556	0	0	0	0	0.522556	0.27712	
0.0400861	0	0	0	0	0.0400861	0.799785	
0.464162	0	0	0	0	0.464162	0.318705	
0.556822	0	0	0	0	0.556822	0.253795	
0.838708	0	0	0	0	0.838708	0.0841901	
0.905163	0	0	0	0	0.905163	0.0485995	
0.000595794	6.48663e-05	0	0	0.000147186	0.000595794	0.976062	
0.543117	0	0	0	0	0.543117	0.263035	
0.473778	0	0	0	0.000284676	0.473778	0.312105	
0.62127	0	0	0	0	0.62127	0.211793	
0.0032268	0	0	0	0	0.0032268	0.943195	
0.416515	0	0.00197323	0	0	0.416515	0.357629	
0.497144	0	0	0	0	0.497144	0.294916	
0.687854	0	0	0.00143919	0	0.687854	0.172527	
0.601417	0	0	0	0.00317169	0.601417	0.228863	
0.130471	0	0	0	0	0.130471	0.638792	
0.752445	0	0	0	0	0.752445	0.132564	
0.115734	0	0	0	0	0.115734	0.659803	
0.70997	0	0	2.73115e-05	0	0.70997	0.157438	
0.889254	0	0	0	0.0012315	0.889254	0.0584628	
0.969624	0	0	0	0	0.969624	0.0153052	
0.503942	0	0	0	0	0.503942	0.290111	
0.102348	0	0	0	0	0.102348	0.680082	



#Generation 100 / 500
currentGen	100
evaluateCount	5000
totalTime	2.44588
firstFrontCount	50
frontCount	1
avgEvalTime	9.302e-06
#end
Var1	Var2	Var3	Var4	Var5	Obj1	Obj2	
1	0	0	0	0	1	0	
0	0	0	0	0	0	1	
1	0	0	0	0	1	0	
0	0	0	0	0	0	1	
0.629414	0	0	0	0	0.629414	0.206644	
0.587065	0	0	0	0	0.587065	0.233798	
0.232328	0	0	0	0	0.232328	0.517996	
0.0130696	0	0	0	0	0.0130696	0.885678	
0.728861	0.00924115	0	0	0	0.728861	0.158229	
0.437756	0	0	0	0	0.437756	0.338369	
0.0619235	0	0	0	0	0.0619235	0.751156	
0.669533	0	0	0	0	0.669533	0.18175	
0.0817963	0	0	0	0	0.0817963	0.714	
0.135196	0	0	0	0	0.135196	0.63231	
0.471883	7.73585e-05	0	0	0	0.471883	0.313177	
0.19492	0	0	0	0	0.19492	0.558503	
0.215643	0	0	0	0.000358663	0.215643	0.536246	
0.416515	0	0	0	0	0.416515	0.354621	
0.971593	0	0	0	0	0.971593	0.0143061	
0.115734	0	0	0	0	0.115734	0.659803	
0.284846	0	0	0	0	0.284846	0.46629	
0.332482	0	0	0	0.000785025	0.332482	0.424645	
0.346808	0	0	0	0	0.346808	0.411096	
0.489243	0	0	0	0.0012315	0.489243	0.302343	
0.393976	0	0	0	0	0.393976	0.372325	
0.156647	0	0.00444002	0	5.26763e-05	0.156647	0.612326	
0.00719129	0	0	0	0	0.00719129	0.915199	
0.0032268	0	0	0	0	0.0032268	0.943195	
0.906898	0	0	0	0	0.906898	0.047688	
0.178105	0	0	0	0	0.178105	0.577975	
0.662203	0	0	0	0	0.662203	0.186242	
0.557369	0	0	0	0	0.557369	0.253429	
0.838708	0	0	0	0	0.838708	0.0841901	
0.78095	0	0	0	0	0.78095	0.116286	
0.807553	0	0.00516915	0	0	0.807553	0.10778	
0.000595794	0	0	0	0.000147186	0.000595794	0.975918	
0.0334168	0	0	0	0	0.0334168	0.817197	
0.935594	0	0	0	0	0.935594	0.0327389	
0.0285917	0	0	0	0	0.0285917	0.830909	
0.512536	0	0	0	0	0.512536	0.284084	
0.548094	0	0	0	0	0.548094	0.259666	
0.0451327	0	0	0	9.30508e-05	0.0451327	0.787743	
0.373956	0	0.00444002	0	5.36062e-06	0.373956	0.395432	
0.164835	0	0	0	0.000101921	0.164835	0.594184	
0.861395	0	0	0	0	0.861395	0.0718864	
0.822315	0	0	0.00358965	0	0.822315	0.097606	
0.095086	0	0	0	0	0.095086	0.69164	
0.0498244	0	0	0	0	0.0498244	0.776786	
0.269325	0	0	0	0	0.269325	0.481035	
0.269325	0	0	0	0	0.269325	0.481035	



#Generation 110 / 500
currentGen	110
evaluateCount	5500
totalTime	2.66481
firstFrontCount	50
frontCount	1
avgEvalTime	7.88e-06
#end
Var1	Var2	Var3	Var4	Var5	Obj1	Obj2	
0	0	0	0	0	0	1	
1	0	0	0	0	1	0	
1	0	0	0	0	1	0	
0	0	0	0	0	0	1	
0.178105	0	0	0	0	0.178105	0.577975	
0.300801	0	0	0	0	0.300801	0.451546	
0.728861	0	0	0	0	0.728861	0.146266	
0.0256846	0	0	0	7.04283e-06	0.0256846	0.83975	
0.3564	0	0	0	0	0.3564	0.403008	
0.156124	0	0	0	0	0.156124	0.604875	
0.257759	0	0	0.00112796	0	0.257759	0.494194	
0.454924	0	0	0	0	0.454924	0.325519	
0.00310492	0	0	0	0	0.00310492	0.944278	
0.500033	0	0	0	0.000911229	0.500033	0.294195	
0.917646	0	0	0	0	0.917646	0.0420617	
0.551318	0	0	0	0	0.551318	0.257492	
0.0790026	0	0	0	0	0.0790026	0.718926	
0.621305	0	0	0	0	0.621305	0.211771	
0.87454	0	0.00118137	0	0	0.87454	0.0662478	
0.534761	0	0	0	8.82855e-06	0.534761	0.268739	
0.0468147	0	0	0	0	0.0468147	0.783633	
0.796741	0	0	0	0	0.796741	0.107396	
0.650402	0	0	0	0	0.650402	0.193525	
0.116912	0	0	0	0	0.116912	0.658077	
0.215643	0	0	0	0.000358663	0.215643	0.536246	
0.476824	0	0	0	0	0.476824	0.309476	
0.0176123	0	0	0	0	0.0176123	0.867289	
0.672777	0	0	0	0	0.672777	0.17977	
0.390753	0	0	0	0	0.390753	0.374897	
0.0691771	0	0	0.00924835	0	0.0691771	0.755071	
0.959169	0	0.00253173	0	0	0.959169	0.0235392	
0.822315	0	0	0	0	0.822315	0.093184	
0.980889	0	0	0	0	0.980889	0.00960179	
0.225925	0	0	0	0.000358663	0.225925	0.5253	
0.937376	0	0	0	0	0.937376	0.0318182	
0.592974	0	0	0	0	0.592974	0.229952	
0.838708	0	0	0	0	0.838708	0.0841901	
0.672777	0	0	0	0	0.672777	0.17977	
0.592974	0	0	0	0	0.592974	0.229952	
0.420228	0	0	0	0	0.420228	0.35175	
0.097274	0	0	0	0	0.097274	0.688112	
0.859942	0	0	0	0	0.859942	0.0726696	
0.318491	0	0	0.00126467	0	0.318491	0.437693	
0.393976	0	0	0	0	0.393976	0.372325	
0.420228	0	0	0	0	0.420228	0.35175	
0.0082157	0	0	0	0	0.0082157	0.909359	
0.0100897	0	0	0	0	0.0100897	0.899553	
0.332407	0	0	0	0	0.332407	0.423453	
0.246491	0	0	0	0	0.246491	0.503521	
0.132985	0	0	0	0	0.132985	0.635328	



#Generation 120 / 500
currentGen	120
evaluateCount	6000
totalTime	2.87579
firstFrontCount	50
frontCount	1
avgEvalTime	8.406e-06
#end
Var1	Var2	Var3	Var4	Var5	Obj1	Obj2	
0	0	0	0	0	0	1	
1	0	0	0	0	1	0	
1	0	0	0	0	1	0	
0	0	0	0	0	0	1	
0.04884	0	0	0	0	0.04884	0.779002	
0.221987	0	0	0	0	0.221987	0.528845	
0.0100897	0	0	0	0	0.0100897	0.899553	
0.097274	0	0	0	0	0.097274	0.688112	
0.00310492	0	0	0	0	0.00310492	0.944278	
0.0338901	0	0	0	0	0.0338901	0.815907	
0.874854	0	0	0	0	0.874854	0.0646636	
0.733815	0	0	0	0	0.733815	0.14337	
0.323277	0	0	0	0.000418444	0.323277	0.432099	
0.164403	0	0	0	0.000371264	0.164403	0.5952	
0.971931	0	0	0	0	0.971931	0.0141341	
0.469789	0	0	0	0	0.469789	0.314589	
0.922601	0	0.000639666	0	0	0.922601	0.0402268	
0.514858	0	0	0	0	0.514858	0.282464	
0.592894	0	0	0	0	0.592894	0.230004	
0.372858	0	0	0	0	0.372858	0.389379	
0.55822	0	0	0	0	0.55822	0.252859	
0.495264	0	0	0	0	0.495264	0.29625	
0.293613	0	0	0	0	0.293613	0.458139	
0.934507	0	0	0	0	0.934507	0.0333008	
0.859942	0	0	0	0	0.859942	0.0726696	
0.771846	0.0105942	0	0	0	0.771846	0.13488	
0.546047	0	0	0	0	0.546047	0.26105	
0.097274	0	0	0	0	0.097274	0.688112	
0.283058	0	0	0	0	0.283058	0.467968	
0.144334	0	0	0	0.000304462	0.144334	0.620642	
0.796741	0	0	0	0	0.796741	0.107396	
0.25117	0	0	0.00112796	0	0.25117	0.500734	
0.607562	0	0	0	0	0.607562	0.220537	
0.257759	0	0	0.00112796	0	0.257759	0.494194	
0.185541	0	0	0	0.000280022	0.185541	0.56975	
0.185541	0	0	0	0.000280022	0.185541	0.56975	
0.0338901	0	0	0	0	0.0338901	0.815907	
0.704594	0	0	0	0.000371264	0.704594	0.161084	
0.113125	0	0	0	0	0.113125	0.66366	
0.442273	0	0	0	0	0.442273	0.334964	
0.655842	0	0	0	0	0.655842	0.190159	
0.132985	0	0	0	0	0.132985	0.635328	
0.346171	0	0	0	0	0.346171	0.411637	
0.780724	0	0	0	0	0.780724	0.116414	
0.0082157	0	0	0	0	0.0082157	0.909359	
0.634038	0	0	0	0.000371264	0.634038	0.204238	
0.826083	0	0	0	0	0.826083	0.0911087	
0.120385	0	0	0	0	0.120385	0.653034	
0.826083	0	0	0	0	0.826083	0.0911087	
0.412155	0	0	0	0	0.412155	0.358007	



#Generation 130 / 500
currentGen	130
evaluateCount	6500
totalTime	3.06955
firstFrontCount	50
frontCount	1
avgEvalTime	7.804e-06
#end
Var1	Var2	Var3	Var4	Var5	Obj1	Obj2	
0	0	0	0	0	0	1	
1	0	0	0	0	1	0	
0	0	0	0	0	0	1	
1	0	0	0	0	1	0	
0.25117	0	0	6.56891e-05	0.000377148	0.25117	0.499578	
0.428619	0	0	0	9.15754e-05	0.428619	0.345448	
0.859942	0	0	0	0	0.859942	0.0726696	
0.163699	0	0.0210675	0	4.09583e-05	0.163699	0.6334	
0.767929	0	0	0	0	0.767929	0.123684	
0.00310492	0	0	0	0	0.00310492	0.944278	
0.707919	0	0	0	0.000328798	0.707919	0.159049	
0.882858	0	0	0	0	0.882858	0.0603946	
0.0338901	0	0	0	0	0.0338901	0.815907	
0.378088	0	0.000123749	0	0	0.378088	0.385304	
0.293613	0	0	0	0	0.293613	0.458139	
0.922601	0	0.000639666	0	0	0.922601	0.0402268	
0.209181	0	0	0	0.00125713	0.209181	0.544819	
0.18433	0	0	0	0.000209399	0.18433	0.571033	
0.807269	0	0	0	0	0.807269	0.101519	
0.056375	0	0	0	0	0.056375	0.762566	
0.59735	0.00756499	0	0	0	0.59735	0.237587	
0.132985	0	0	0	0	0.132985	0.635328	
0.0456868	0	0	0	1.89726e-05	0.0456868	0.786293	
0.941275	0	0	0	0	0.941275	0.0298067	
0.447878	0	0	0	0	0.447878	0.330763	
0.507927	0	0	0	0	0.507927	0.28731	
0.0100897	0	0	0	0	0.0100897	0.899553	
0.641674	0	0	0	0	0.641674	0.198954	
0.37687	0	0	0	0	0.37687	0.386103	
0.021167	0	0	0	0	0.021167	0.854511	
0.346171	0	0	0	0	0.346171	0.411637	
0.702991	0	0	0	0	0.702991	0.161554	
0.097274	0	0	0	0	0.097274	0.688112	
0.346171	0	0	0	0	0.346171	0.411637	
0.00849204	0	0	0	0	0.00849204	0.907848	
0.0728377	0	0	0	0	0.0728377	0.730115	
0.780724	0	0	0	0	0.780724	0.116414	
0.185539	0	0	0	0	0.185539	0.569257	
0.534877	0	0	0	0	0.534877	0.268647	
0.021167	0	0	0	0	0.021167	0.854511	
0.671172	0	0	0	0.000371264	0.671172	0.181242	
0.671172	0	0	0	0.000371264	0.671172	0.181242	
0.114746	0	0	0	0	0.114746	0.661259	
0.097274	0	0	0	0	0.097274	0.688112	
0.549264	0	0	0	0	0.549264	0.258876	
0.969814	0	0	0	0	0.969814	0.0152085	
0.113125	0	0	0	0	0.113125	0.66366	
0.227673	0	0	0	0	0.227673	0.522849	
0.589195	0.00719573	0	0	0	0.589195	0.242411	
0.979968	0	0	0	0	0.979968	0.0100668	



#Generation 140 / 500
currentGen	140
evaluateCount	7000
totalTime	3.27271
firstFrontCount	50
frontCount	1
avgEvalTime	8.518e-06
#end
Var1	Var2	Var3	Var4	Var5	Obj1	Obj2	
0	0	0	0	0	0	1	
1	0	0	0	0	1	0	
1	0	0	0	0	1	0	
0	0	0	0	0	0	1	
0.584524	0	0	0	0	0.584524	0.235459	
0.649367	0	0	0	0	0.649367	0.194167	
0.206732	0	0	0	0.000105565	0.206732	0.545505	
0.941275	0	0	0	0	0.941275	0.0298067	
0.00310492	0	0	0	0	0.00310492	0.944278	
0.476071	0	0	0	0	0.476071	0.310021	
0.0338901	0	0	0	0	0.0338901	0.815907	
0.368578	0.00706215	0	0.0171087	0.000209399	0.368578	0.43132	
0.2465	0	0	0	0	0.2465	0.503513	
0.18433	0	0	0	0.000209399	0.18433	0.571033	
0.979968	0	0	0	0	0.979968	0.0100668	
0.556435	0	0	0	0	0.556435	0.254055	
0.808755	0	0	0	0.000162774	0.808755	0.100894	
0.453381	0.00222055	0.000130201	0	0.00330633	0.453381	0.335121	
0.0456868	0	0	0	1.89726e-05	0.0456868	0.786293	
0.175833	0	0	0	0.0136578	0.175833	0.605011	
0.105241	0	0	0	0.00556855	0.105241	0.686094	
0.278551	0	0	0	0.00556855	0.278551	0.481454	
0.431936	0	0	0	0.00446704	0.431936	0.349538	
0.412991	0	0	0	0.00672794	0.412991	0.367648	
0.382429	0.0097665	0	0	0	0.382429	0.396808	
0.895307	0	0	0	0	0.895307	0.0537934	
0.775287	0	0	0.00494751	0	0.775287	0.125741	
0.141979	0	0	0	0	0.141979	0.623199	
0.736858	0	0	0	0	0.736858	0.141596	
0.388522	0	0	0	0.00140487	0.388522	0.378861	
0.781035	0	0	0	0	0.781035	0.116238	
0.0203732	0	0	0	0	0.0203732	0.857265	
0.120168	0	0	0	0	0.120168	0.653347	
0.0100897	0	0	0	0	0.0100897	0.899553	
0.689535	0	0	0	0	0.689535	0.169618	
0.322035	0	0	0	0	0.322035	0.432518	
0.536519	0	0	0.0053527	0	0.536519	0.275172	
0.147397	0	0	0	0.000210568	0.147397	0.61646	
0.839203	0	0	0.0053527	0	0.839203	0.0904633	
0.862366	0	0	0	4.9306e-05	0.862366	0.0714228	
0.0125032	0	0	0	0	0.0125032	0.888182	
0.293613	0	0	0	0	0.293613	0.458139	
0.0891853	0	0	0	0	0.0891853	0.701361	
0.733306	0	0	0	0	0.733306	0.143667	
0.120168	0	0	0	0	0.120168	0.653347	
0.507927	0	0	0	0	0.507927	0.28731	
0.0837624	0	0	0	0	0.0837624	0.710583	
0.892059	0	0	0	0	0.892059	0.0555114	
0.0588205	0	0	0	0	0.0588205	0.757471	
0.0592014	0	0	0	0	0.0592014	0.756687	



#Generation 150 / 500
currentGen	150
evaluateCount	7500
totalTime	3.48336
firstFrontCount	50
frontCount	1
avgEvalTime	8.658e-06
#end
Var1	Var2	Var3	Var4	Var5	Obj1	Obj2	
0	0	0	0	0	0	1	
1	0	0	0	0	1	0	
1	0	0	0	0	1	0	
0	0	0	0	0	0	1	
0.277724	0	0	0	0	0.277724	0.473005	
0.126546	0	0	0	0	0.126546	0.644267	
0.00761448	0	0	0	0	0.00761448	0.912739	
0.729182	0	0	0	0	0.729182	0.146079	
0.856155	0	0	0	0	0.856155	0.0747136	
0.456637	0	0	0	0	0.456637	0.324251	
0.00310492	0	0	0	0	0.00310492	0.944278	
0.105241	0	0	0	0.00528334	0.105241	0.685556	
0.881849	0	0	0	0	0.881849	0.0609318	
0.148507	0	0	0	0	0.148507	0.614634	
0.0467433	0	0	0	0	0.0467433	0.783798	
0.0203732	0	0	0	0	0.0203732	0.857265	
0.91751	0	0	0	0	0.91751	0.0421327	
0.302938	0	0	0	0.000174566	0.302938	0.449886	
0.761679	0	0	0	0	0.761679	0.127258	
0.0338901	0	0	0	0	0.0338901	0.815907	
0.240213	0	0	0	0	0.240213	0.509885	
0.93762	0	0	0	0	0.93762	0.0316921	
0.536519	0	0	0	0	0.536519	0.267526	
0.182612	0	0	0	0.000890467	0.182612	0.574245	
0.600033	0	0	0	0	0.600033	0.225382	
0.781035	0	0	0	0	0.781035	0.116238	
0.817067	0	0	0	0	0.817067	0.0960822	
0.520052	0	0	0	0	0.520052	0.278854	
0.0603875	0	0	0	0	0.0603875	0.754261	
0.437507	0.00165413	0	0	0	0.437507	0.341049	
0.697906	0	0.000162437	0	0	0.697906	0.164805	
0.367058	0	0	0	0	0.367058	0.394147	
0.491064	0	0	0	0	0.491064	0.299241	
0.322035	0	0	0	0	0.322035	0.432518	
0.571194	0	0	0.00694868	0	0.571194	0.253976	
0.207973	0	0	0.00762415	0	0.207973	0.557218	
0.387526	0	0	0	0	0.387526	0.377484	
0.968335	0	0	0	0	0.968335	0.0159601	
0.416804	0	6.14461e-05	0	0	0.416804	0.35449	
0.619689	0	0	0	0	0.619689	0.212796	
0.574818	0	0	0	0	0.574818	0.241832	
0.808755	0	0	0	2.22481e-05	0.808755	0.10072	
0.032448	0	0.0147657	0	0	0.032448	0.850122	
0.224579	0	0	0	0	0.224579	0.526102	
0.349503	0	0	0	0	0.349503	0.408812	
0.494688	0	0	0	0	0.494688	0.29666	
0.211627	0	0	0	0	0.211627	0.539971	
0.978386	0	0	0	0	0.978386	0.0108659	
0.662315	0	0	0	0	0.662315	0.186173	
0.0718037	0	0	0	0.00310289	0.0718037	0.738086	



#Generation 160 / 500
currentGen	160
evaluateCount	8000
totalTime	3.72746
firstFrontCount	50
frontCount	1
avgEvalTime	7.92e-06
#end
Var1	Var2	Var3	Var4	Var5	Obj1	Obj2	
1	0	0	0	0	1	0	
0	0	0	0	0	0	1	
0	0	0	0	0	0	1	
1	0	0	0	0	1	0	
0.0998081	0	0	0	0	0.0998081	0.684076	
0.00310492	0	0	0	0	0.00310492	0.944278	
0.0149375	0	0	0	0	0.0149375	0.877781	
0.780601	0	0	0	0	0.780601	0.116484	
0.38564	0	0	0	0	0.38564	0.379001	
0.126546	0	0	0	0	0.126546	0.644267	
0.0730318	0	0	0	0	0.0730318	0.729756	
0.489245	0	0	0	0	0.489245	0.30054	
0.665808	0	0.00014051	0	0	0.665808	0.184217	
0.342901	1.95459e-05	0	0	0	0.342901	0.414454	
0.93762	0	0	0	0	0.93762	0.0316921	
0.291168	7.4859e-05	0	0	0	0.291168	0.460523	
0.849374	0	0	0	0	0.849374	0.0783849	
0.032448	0	0.0147657	0	0	0.032448	0.850122	
0.408553	0	0	0	0	0.408553	0.360819	
0.909935	0	0	0	0	0.909935	0.046095	
0.180656	0	0	0	0	0.180656	0.574964	
0.0338901	0	0	0	0	0.0338901	0.815907	
0.0603875	0	0	0	0	0.0603875	0.754261	
0.458551	0	0	0	0	0.458551	0.322836	
0.430371	0	0	0	0	0.430371	0.343974	
0.259545	0	0	0	0	0.259545	0.490545	
0.590279	0	0	0	0	0.590279	0.231704	
0.617314	0	0	0	0	0.617314	0.214307	
0.849374	0	0	0	0	0.849374	0.0783849	
0.228893	0	0	0	0	0.228893	0.521573	
0.148088	0	0	0	0	0.148088	0.615178	
0.148088	0	0	0	0	0.148088	0.615178	
0.770358	0	0	0	0	0.770358	0.1223	
0.575349	0	0	0	0	0.575349	0.241482	
0.205682	0	0	0	0	0.205682	0.546478	
0.304433	0	0	0	0	0.304433	0.448245	
0.876696	0	0	0	0	0.876696	0.0636798	
0.520052	0	0	0	0	0.520052	0.278854	
0.639242	0	0	0	0	0.639242	0.200474	
0.520052	0	0	0	0	0.520052	0.278854	
0.241427	0	0	0	0.00164536	0.241427	0.511441	
0.182612	0	0	0	0.000342246	0.182612	0.573275	
0.0453684	0	0	0	0	0.0453684	0.787001	
0.742524	0	0	0	0	0.742524	0.138302	
0.968335	0	0	0	0	0.968335	0.0159601	
0.886742	0	0	0	0	0.886742	0.0583304	
0.448353	0	0	0	0	0.448353	0.330409	
0.554545	0	0	0	0	0.554545	0.255322	
0.966083	0	0	0	0	0.966083	0.017105	
0.71657	0	0	0	0	0.71657	0.153496	



#Generation 170 / 500
currentGen	170
evaluateCount	8500
totalTime	3.93261
firstFrontCount	50
frontCount	1
avgEvalTime	9.336e-06
#end
Var1	Var2	Var3	Var4	Var5	Obj1	Obj2	
0	0	0	0	0	0	1	
1	0	0	0	0	1	0	
1	0	0	0	0	1	0	
0	0	0	0	0	0	1	
0.377902	0	0	0	0	0.377902	0.385262	
0.245959	0	0	0	0	0.245959	0.504057	
0.760302	0	0	0	0	0.760302	0.128047	
0.319854	0	0	0	0	0.319854	0.434444	
0.408547	0	0	0	0	0.408547	0.360823	
0.71657	0	0	0	0	0.71657	0.153496	
0.0730318	0	0	0	0	0.0730318	0.729756	
0.580745	0	0	0	0	0.580745	0.237934	
0.550572	0	0	0	0.00379993	0.550572	0.263379	
0.0593005	0	0	0	0.00601161	0.0593005	0.768368	
0.198375	0	0	0	0	0.198375	0.554607	
0.695313	0	0	0	0	0.695313	0.166146	
0.944492	0	0	0	0	0.944492	0.0281502	
0.198375	0	0	0	0	0.198375	0.554607	
0.00310492	0	0	0	0	0.00310492	0.944278	
0.629055	0	0	0	0	0.629055	0.20687	
0.0149375	0	0	0	0	0.0149375	0.877781	
0.138655	0	0	0	0	0.138655	0.627637	
0.0456791	0	0	0	0	0.0456791	0.786273	
0.849374	0	0	0	0	0.849374	0.0783849	
0.116546	0	0	0	0	0.116546	0.658611	
0.813293	0	0	0	0	0.813293	0.0981724	
0.147218	0	0	0	0	0.147218	0.616309	
0.886742	0	0	0	0	0.886742	0.0583304	
0.0203946	0	0	0	0	0.0203946	0.85719	
0.300077	7.3759e-05	0	0	0	0.300077	0.452328	
0.0341466	0	0	0	0	0.0341466	0.815212	
0.609561	0	0	0	0	0.609561	0.219256	
0.00691182	0	0	0	0	0.00691182	0.916863	
0.921571	0	0	0	0	0.921571	0.0400151	
0.167732	0	0	0	0	0.167732	0.590449	
0.167732	0	0	0	0	0.167732	0.590449	
0.0295784	0	0	0	0	0.0295784	0.828016	
0.552593	0	0	0	0	0.552593	0.256634	
0.4676	0.000121982	0	0	0	0.4676	0.316368	
0.27088	0	0	0	0	0.27088	0.479539	
0.43812	0	0	0	0	0.43812	0.338093	
0.906949	0	0	0	0	0.906949	0.0476611	
0.27088	0	0	0	0	0.27088	0.479539	
0.665808	0	4.30093e-06	0	0	0.665808	0.184035	
0.43871	0	0	0	0	0.43871	0.337648	
0.500463	0	0	0	0	0.500463	0.292566	
0.806573	0	0	0	0	0.806573	0.101906	
0.495932	0	0	0	0	0.495932	0.295776	
0.975288	0	0	0	0	0.975288	0.0124333	
0.0987018	0	0	0	0	0.0987018	0.685832	



#Generation 180 / 500
currentGen	180
evaluateCount	9000
totalTime	4.13799
firstFrontCount	50
frontCount	1
avgEvalTime	8.11e-06
#end
Var1	Var2	Var3	Var4	Var5	Obj1	Obj2	
1	0	0	0	0	1	0	
0	0	0	0	0	0	1	
1	0	0	0	0	1	0	
0	0	0	0	0	0	1	
0.377902	0	0	0	0	0.377902	0.385262	
0.136852	0	0.0243009	0	0	0.136852	0.674763	
0.408547	0	0	0	0	0.408547	0.360823	
0.498923	0	0	0	0.00601161	0.498923	0.30242	
0.264644	0	0	0	0	0.264644	0.485565	
0.184007	0	0	0	0.00380658	0.184007	0.577772	
0.147218	0	0	0	0	0.147218	0.616309	
0.227868	0	0	0	0	0.227868	0.522645	
0.0492518	0	0	0	0	0.0492518	0.778073	
0.862774	0	0	0	0	0.862774	0.0711436	
0.921571	0	0	0	0	0.921571	0.0400151	
0.279792	0	0	0	0	0.279792	0.471046	
0.726284	0	0	0	0	0.726284	0.147777	
0.670566	0	0	0	0.00380658	0.670566	0.186184	
0.588427	0	0	0	0	0.588427	0.23291	
0.0149375	0	0	0	0	0.0149375	0.877781	
0.0295784	0	0	0	0	0.0295784	0.828016	
0.161217	0	0	0	0	0.161217	0.598482	
0.0987018	0	0	0	0	0.0987018	0.685832	
0.569459	0	0	0	0	0.569459	0.245375	
0.308263	0	0	0	0	0.308263	0.444785	
0.0889415	0	0	0	0	0.0889415	0.701769	
0.43871	0	0	0	0	0.43871	0.337648	
0.618673	0	0	0	0	0.618673	0.213442	
0.0730318	0	0	0	0	0.0730318	0.729756	
0.545406	0	0	0	0	0.545406	0.261484	
0.94966	0	0	0	0	0.94966	0.0254952	
0.0105891	0	0	0	0	0.0105891	0.897097	
0.799737	0	0	0	0	0.799737	0.10572	
0.545406	0	0	0	0	0.545406	0.261484	
0.64047	0	0	0	0	0.64047	0.199706	
0.210886	0	0	0	0.00380658	0.210886	0.54738	
0.331734	0	0	0	0	0.331734	0.424037	
0.00222733	0	0	0	0	0.00222733	0.952805	
0.43871	0	0	0	0	0.43871	0.337648	
0.76726	0	0	0	0	0.76726	0.124066	
0.697548	0	0	0	0	0.697548	0.164807	
0.00480794	0	0	0	0	0.00480794	0.930661	
0.331734	0	0	0	0	0.331734	0.424037	
0.94966	0	0	0	0	0.94966	0.0254952	
0.893164	0	0	0	0	0.893164	0.0549267	
0.82969	0	0	0	0	0.82969	0.0891267	
0.788898	0	0	0	0	0.788898	0.111801	
0.0563887	0	0	0	0	0.0563887	0.762537	
0.070235	0	0	0	0.0068923	0.070235	0.748442	
0.691095	0	0	0	0	0.691095	0.168679	



#Generation 190 / 500
currentGen	190
evaluateCount	9500
totalTime	4.35806
firstFrontCount	50
frontCount	1
avgEvalTime	1.035e-05
#end
Var1	Var2	Var3	Var4	Var5	Obj1	Obj2	
1	0	0	0	0	1	0	
0	0	0	0	0	0	1	
0	0	0	0	0	0	1	
1	0	0	0	0	1	0	
0.0436829	0	0	0	0	0.0436829	0.790995	
0.731213	0	0	0	0	0.731213	0.14489	
0.919101	0	0	0	0	0.919101	0.0413025	
0.161478	0	0	0	0	0.161478	0.598157	
0.2865	0	0	0	0	0.2865	0.464743	
0.313953	0	0	0	0	0.313953	0.439685	
0.177568	8.41504e-05	0	0	0	0.177568	0.578762	
0.383302	0	0	0	0	0.383302	0.380886	
0.109046	0	0	0	0	0.109046	0.66978	
0.955904	0	0	0	0	0.955904	0.0222963	
0.488677	0	0	0	0	0.488677	0.300946	
0.338786	0	0	0	0	0.338786	0.417947	
0.262394	0	0	0	0	0.262394	0.487756	
0.0873101	0	0	0	0	0.0873101	0.704517	
0.446403	0	0	0	0.00250215	0.446403	0.335618	
0.365477	0.000407935	0	0	0	0.365477	0.396094	
0.808366	0	0	0	0	0.808366	0.100908	
0.47815	0.00535121	0	0	0.00293333	0.47815	0.320742	
0.00222733	0	0	0	0	0.00222733	0.952805	
0.527566	0	0	0	0	0.527566	0.273662	
0.788898	0	0	0	0	0.788898	0.111801	
0.670566	0	0	0	0	0.670566	0.181119	
0.623582	0	0	0	0	0.623582	0.210328	
0.527566	0	0	0	0	0.527566	0.273662	
0.23329	0	0	0	0	0.23329	0.516999	
0.983241	0	0	0	0	0.983241	0.00841472	
0.862774	0	0	0	0	0.862774	0.0711436	
0.0105891	0	0	0	0	0.0105891	0.897097	
0.132996	0	0	0	0	0.132996	0.635314	
0.132996	0	0	0	0	0.132996	0.635314	
0.20702	0	0	0	0	0.20702	0.545005	
0.0264362	0.00886529	0	0	0	0.0264362	0.855741	
0.239304	0	0	0	0	0.239304	0.510813	
0.569459	0	0	0	0	0.569459	0.245375	
0.20702	0	0	0	0	0.20702	0.545005	
0.0149375	0	0	0	0	0.0149375	0.877781	
0.712686	0	0	0.0174416	0	0.712686	0.178631	
0.0309882	0.00120773	0	0	0	0.0309882	0.826444	
0.0938223	0	0	0	0	0.0938223	0.693696	
0.419526	0	0	0	0	0.419526	0.352292	
0.0873101	0	0	0	0	0.0873101	0.704517	
0.419526	0	0	0	0	0.419526	0.352292	
0.788898	0	0	0	0	0.788898	0.111801	
0.569459	0	0	0	0	0.569459	0.245375	
0.638403	0	0	0	0	0.638403	0.200999	
0.725643	0	0	0.0119641	0	0.725643	0.163683	



#Generation 200 / 500
currentGen	200
evaluateCount	10000
totalTime	4.55244
firstFrontCount	50
frontCount	1
avgEvalTime	8.93e-06
#end
Var1	Var2	Var3	Var4	Var5	Obj1	Obj2	
1	0	0	0	0	1	0	
0	0	0	0	0	0	1	
1	0	0	0	0	1	0	
0	0	0	0	0	0	1	
0.12872	0	0	0	0	0.12872	0.641224	
0.468873	0	0	0	0	0.468873	0.315257	
0.356522	0	0	0	0	0.356522	0.402906	
0.0723021	0	0	0.000293074	0	0.0723021	0.73168	
0.0222758	0	0	0	0	0.0222758	0.850749	
0.670566	0	0	0	0	0.670566	0.181119	
0.0436829	0	0	0	0	0.0436829	0.790995	
0.947669	0	0	0	0	0.947669	0.0265173	
0.258946	0	0	0	0	0.258946	0.491132	
0.0309882	0.000164799	0	0	0	0.0309882	0.824303	
0.984772	0	0	0	0	0.984772	0.00764326	
0.00222733	0	0	0	0	0.00222733	0.952805	
0.513567	0	0	0	0	0.513567	0.283364	
0.505717	0.00191228	0	0	0	0.505717	0.291637	
0.625182	0	0	0	0	0.625182	0.209315	
0.15815	0	0	0	0	0.15815	0.602319	
0.387507	0	0	0	0	0.387507	0.377499	
0.0945644	0	0	0	0	0.0945644	0.692487	
0.0945644	0	0	0	0	0.0945644	0.692487	
0.774249	0	0	0	0	0.774249	0.120086	
0.398103	0	0	0	0	0.398103	0.369046	
0.759385	0	0	0	0	0.759385	0.128573	
0.211991	0	0	0	0	0.211991	0.539575	
0.699592	0.00535121	0	0	0.00160077	0.699592	0.17271	
0.288499	0	0	0	0	0.288499	0.462879	
0.428246	0	0	0	0	0.428246	0.345595	
0.323048	0	0	0	0	0.323048	0.431627	
0.892606	0	0	0	0	0.892606	0.0552215	
0.329745	0	0	0	0	0.329745	0.425766	
0.428246	0	0	0	0	0.428246	0.345595	
0.87254	0	0	0.00366674	0	0.87254	0.0703062	
0.730111	0	0	0	0	0.730111	0.145535	
0.722412	0	0	0	0	0.722412	0.150052	
0.246486	0	0	0	0	0.246486	0.503527	
0.607746	0.00319451	0	0	0	0.607746	0.22481	
0.296003	0	0	0	0	0.296003	0.455939	
0.919101	0	0	0	0	0.919101	0.0413025	
0.0561807	0	0	0	0	0.0561807	0.762975	
0.838473	0	0	0	0	0.838473	0.0843182	
0.0105891	0	0	0	0	0.0105891	0.897097	
0.806094	0	0	0	0	0.806094	0.102172	
0.806094	0	0	0	0	0.806094	0.102172	
0.178957	0	0	0	0	0.178957	0.576966	
0.0608807	0	0	0	0	0.0608807	0.75326	
0.838473	0	0	0	0	0.838473	0.0843182	
0.161478	0	0	0	0	0.161478	0.598157	



#Generation 210 / 500
currentGen	210
evaluateCount	10500
totalTime	4.74588
firstFrontCount	50
frontCount	1
avgEvalTime	7.774e-06
#end
Var1	Var2	Var3	Var4	Var5	Obj1	Obj2	
0	0	0	0	0	0	1	
1	0	0	0	0	1	0	
1	0	0	0	0	1	0	
0	0	0	0	0	0	1	
0.141611	0	0	0	0	0.141611	0.623688	
0.670566	0	0	0	0	0.670566	0.181119	
0.919101	0	0	0	0	0.919101	0.0413025	
0.614538	0	0	0	0	0.614538	0.216075	
0.114824	0	0	0	0	0.114824	0.661143	
0.169449	0	0	0	0	0.169449	0.588358	
0.0355238	0	0	0	0	0.0355238	0.811522	
0.533095	0	0	0	0	0.533095	0.269866	
0.00222733	0	0	0	0	0.00222733	0.952805	
0.209469	0	0	0	0	0.209469	0.542323	
0.186803	0	0	0	0	0.186803	0.567793	
0.965972	0	0	0	0	0.965972	0.0171611	
0.00771407	0	0	0.000293074	0	0.00771407	0.912801	
0.0605921	0	0	0	0	0.0605921	0.753845	
0.298382	0	0	0	0	0.298382	0.453756	
0.399276	0	0	0	0	0.399276	0.368117	
0.366421	0	0	0	0	0.366421	0.394673	
0.235982	0.00663688	0	0	0	0.235982	0.52554	
0.0145828	0	0	0	0	0.0145828	0.879241	
0.838473	0	0	0	0	0.838473	0.0843182	
0.783074	0	0	0	0	0.783074	0.115085	
0.0216174	0	0	0	0	0.0216174	0.852971	
0.562422	0	0	0	0	0.562422	0.250052	
0.682985	0	0	0	0	0.682985	0.173571	
0.435523	0	0	0	0	0.435523	0.340058	
0.091358	0	0	0.000293074	0	0.091358	0.698305	
0.813333	0	0	0.000155215	0	0.813333	0.0983422	
0.0981678	0	0	0	0	0.0981678	0.686683	
0.451512	0	0	0	0	0.451512	0.328054	
0.505717	0.00137881	0	0	0	0.505717	0.290862	
0.317985	0	0	0	0	0.317985	0.436098	
0.0309882	0	0	0	0	0.0309882	0.823965	
0.894883	0	0	0	0	0.894883	0.0540175	
0.317985	0	0	0	0	0.317985	0.436098	
0.260616	0	0	0	0	0.260616	0.489494	
0.0747628	0	0	0	0	0.0747628	0.726572	
0.505717	0.00137881	0	0	0	0.505717	0.290862	
0.975939	0	0	0	0	0.975939	0.0121039	
0.584087	0	0	0	0	0.584087	0.235744	
0.60421	0	0	0	0	0.60421	0.222691	
0.468873	0	0	0	0	0.468873	0.315257	
0.356522	0	0	0	0	0.356522	0.402906	
0.274499	0	0	0	0	0.274499	0.476074	
0.711594	0	0	0	0	0.711594	0.15644	
0.415536	0	0	0	0	0.415536	0.355379	
0.356522	0	0	0	0	0.356522	0.402906	



