#NSGA2
popsize 50
maxGen 100
numVar 1
numObj 3
numCons 0
stateFieldNames	currentGen	evaluateCount	totalTime	firstFrontCount	frontCount	avgEvalTime	
#end


#Generation 1 / 100
currentGen	1
evaluateCount	50
totalTime	0.46771
firstFrontCount	1
frontCount	50
avgEvalTime	0.00896027
#end
Var1	Obj1	Obj2	Obj3	
10.9422	0.104806	0.0901745	0.0802851	
28.3147	0.163857	0.138541	0.121501	
86.1942	0.493202	0.337878	0.27581	
35.9506	0.19192	0.161023	0.140296	
35.2613	0.189378	0.158992	0.138609	
70.8077	0.332708	0.276061	0.227632	
10.1164	0.102181	0.0879332	0.0785144	
19.7327	0.133602	0.114052	0.100311	
21.6531	0.140178	0.119407	0.104974	
80.9069	0.422493	0.315413	0.257685	
17.9323	0.127543	0.109098	0.0960233	
90.306	0.555558	0.358123	0.291481	
57.5284	0.272584	0.227165	0.194872	
38.6324	0.201809	0.168917	0.146887	
36.231	0.192955	0.16185	0.140983	
69.8742	0.327126	0.272466	0.225152	
56.292	0.267876	0.222991	0.191834	
86.8718	0.503181	0.341005	0.278279	
57.8513	0.273817	0.228267	0.19566	
39.5848	0.20532	0.171718	0.149244	
72.344	0.342719	0.281991	0.23182	
57.0922	0.27092	0.225684	0.193804	
5.33826	0.0871904	0.0747613	0.0685632	
20.7889	0.137204	0.116988	0.102865	
7.92719	0.0952712	0.0819468	0.0738943	
3.64963	0.0819833	0.0700135	0.0651741	
52.0386	0.251763	0.209175	0.181113	
46.2951	0.230174	0.191562	0.166257	
61.7027	0.288809	0.241808	0.204936	
16.9702	0.124345	0.106472	0.0937703	
64.7936	0.301708	0.253159	0.212367	
84.2253	0.465236	0.329165	0.268841	
17.7462	0.126922	0.108589	0.0955853	
16.2218	0.121874	0.104439	0.0920373	
52.6583	0.254106	0.21114	0.182699	
21.0877	0.13823	0.117822	0.103592	
93.8663	0.61048	0.378539	0.306677	
60.5917	0.284408	0.237829	0.202276	
71.0856	0.33444	0.277133	0.228379	
55.8541	0.266213	0.221531	0.190749	
25.4677	0.153589	0.130268	0.114412	
40.365	0.208197	0.174012	0.151185	
78.9584	0.400412	0.307674	0.251434	
79.8207	0.409894	0.311078	0.254175	
39.8485	0.206292	0.172494	0.149899	
48.1225	0.237011	0.197068	0.17099	
33.6977	0.183611	0.154381	0.13478	
8.81198	0.0980558	0.0843753	0.0757492	
48.0371	0.23669	0.196808	0.170768	
46.6187	0.231382	0.192531	0.167093	



#Generation 10 / 100
currentGen	10
evaluateCount	500
totalTime	4.76036
firstFrontCount	50
frontCount	1
avgEvalTime	0.00828254
#end
Var1	Obj1	Obj2	Obj3	
0	0.0709733	0.0596758	0.0582112	
0	0.0709733	0.0596758	0.0582112	
0	0.0709733	0.0596758	0.0582112	
0	0.0709733	0.0596758	0.0582112	
0	0.0709733	0.0596758	0.0582112	
0	0.0709733	0.0596758	0.0582112	
0	0.0709733	0.0596758	0.0582112	
0	0.0709733	0.0596758	0.0582112	
0	0.0709733	0.0596758	0.0582112	
0	0.0709733	0.0596758	0.0582112	
0	0.0709733	0.0596758	0.0582112	
0	0.0709733	0.0596758	0.0582112	
0	0.0709733	0.0596758	0.0582112	
0	0.0709733	0.0596758	0.0582112	
0	0.0709733	0.0596758	0.0582112	
0	0.0709733	0.0596758	0.0582112	
0	0.0709733	0.0596758	0.0582112	
0	0.0709733	0.0596758	0.0582112	
0	0.0709733	0.0596758	0.0582112	
0	0.0709733	0.0596758	0.0582112	
0	0.0709733	0.0596758	0.0582112	
0	0.0709733	0.0596758	0.0582112	
0	0.0709733	0.0596758	0.0582112	
0	0.0709733	0.0596758	0.0582112	
0	0.0709733	0.0596758	0.0582112	
0	0.0709733	0.0596758	0.0582112	
0	0.0709733	0.0596758	0.0582112	
0	0.0709733	0.0596758	0.0582112	
0	0.0709733	0.0596758	0.0582112	
0	0.0709733	0.0596758	0.0582112	
0	0.0709733	0.0596758	0.0582112	
0	0.0709733	0.0596758	0.0582112	
0	0.0709733	0.0596758	0.0582112	
0	0.0709733	0.0596758	0.0582112	
0	0.0709733	0.0596758	0.0582112	
0	0.0709733	0.0596758	0.0582112	
0	0.0709733	0.0596758	0.0582112	
0	0.0709733	0.0596758	0.0582112	
0	0.0709733	0.0596758	0.0582112	
0	0.0709733	0.0596758	0.0582112	
0	0.0709733	0.0596758	0.0582112	
0	0.0709733	0.0596758	0.0582112	
0	0.0709733	0.0596758	0.0582112	
0	0.0709733	0.0596758	0.0582112	
0	0.0709733	0.0596758	0.0582112	
0	0.0709733	0.0596758	0.0582112	
0	0.0709733	0.0596758	0.0582112	
0	0.0709733	0.0596758	0.0582112	
0	0.0709733	0.0596758	0.0582112	
0	0.0709733	0.0596758	0.0582112	



#Generation 20 / 100
currentGen	20
evaluateCount	1000
totalTime	9.28214
firstFrontCount	50
frontCount	1
avgEvalTime	0.00830724
#end
Var1	Obj1	Obj2	Obj3	
0	0.0709733	0.0596758	0.0582112	
0	0.0709733	0.0596758	0.0582112	
0	0.0709733	0.0596758	0.0582112	
0	0.0709733	0.0596758	0.0582112	
0	0.0709733	0.0596758	0.0582112	
0	0.0709733	0.0596758	0.0582112	
0	0.0709733	0.0596758	0.0582112	
0	0.0709733	0.0596758	0.0582112	
0	0.0709733	0.0596758	0.0582112	
0	0.0709733	0.0596758	0.0582112	
0	0.0709733	0.0596758	0.0582112	
0	0.0709733	0.0596758	0.0582112	
0	0.0709733	0.0596758	0.0582112	
0	0.0709733	0.0596758	0.0582112	
0	0.0709733	0.0596758	0.0582112	
0	0.0709733	0.0596758	0.0582112	
0	0.0709733	0.0596758	0.0582112	
0	0.0709733	0.0596758	0.0582112	
0	0.0709733	0.0596758	0.0582112	
0	0.0709733	0.0596758	0.0582112	
0	0.0709733	0.0596758	0.0582112	
0	0.0709733	0.0596758	0.0582112	
0	0.0709733	0.0596758	0.0582112	
0	0.0709733	0.0596758	0.0582112	
0	0.0709733	0.0596758	0.0582112	
0	0.0709733	0.0596758	0.0582112	
0	0.0709733	0.0596758	0.0582112	
0	0.0709733	0.0596758	0.0582112	
0	0.0709733	0.0596758	0.0582112	
0	0.0709733	0.0596758	0.0582112	
0	0.0709733	0.0596758	0.0582112	
0	0.0709733	0.0596758	0.0582112	
0	0.0709733	0.0596758	0.0582112	
0	0.0709733	0.0596758	0.0582112	
0	0.0709733	0.0596758	0.0582112	
0	0.0709733	0.0596758	0.0582112	
0	0.0709733	0.0596758	0.0582112	
0	0.0709733	0.0596758	0.0582112	
0	0.0709733	0.0596758	0.0582112	
0	0.0709733	0.0596758	0.0582112	
0	0.0709733	0.0596758	0.0582112	
0	0.0709733	0.0596758	0.0582112	
0	0.0709733	0.0596758	0.0582112	
0	0.0709733	0.0596758	0.0582112	
0	0.0709733	0.0596758	0.0582112	
0	0.0709733	0.0596758	0.0582112	
0	0.0709733	0.0596758	0.0582112	
0	0.0709733	0.0596758	0.0582112	
0	0.0709733	0.0596758	0.0582112	
0	0.0709733	0.0596758	0.0582112	



#Generation 30 / 100
currentGen	30
evaluateCount	1500
totalTime	13.8381
firstFrontCount	50
frontCount	1
avgEvalTime	0.0083956
#end
Var1	Obj1	Obj2	Obj3	
0	0.0709733	0.0596758	0.0582112	
0	0.0709733	0.0596758	0.0582112	
0	0.0709733	0.0596758	0.0582112	
0	0.0709733	0.0596758	0.0582112	
0	0.0709733	0.0596758	0.0582112	
0	0.0709733	0.0596758	0.0582112	
0	0.0709733	0.0596758	0.0582112	
0	0.0709733	0.0596758	0.0582112	
0	0.0709733	0.0596758	0.0582112	
0	0.0709733	0.0596758	0.0582112	
0	0.0709733	0.0596758	0.0582112	
0	0.0709733	0.0596758	0.0582112	
0	0.0709733	0.0596758	0.0582112	
0	0.0709733	0.0596758	0.0582112	
0	0.0709733	0.0596758	0.0582112	
0	0.0709733	0.0596758	0.0582112	
0	0.0709733	0.0596758	0.0582112	
0	0.0709733	0.0596758	0.0582112	
0	0.0709733	0.0596758	0.0582112	
0	0.0709733	0.0596758	0.0582112	
0	0.0709733	0.0596758	0.0582112	
0	0.0709733	0.0596758	0.0582112	
0	0.0709733	0.0596758	0.0582112	
0	0.0709733	0.0596758	0.0582112	
0	0.0709733	0.0596758	0.0582112	
0	0.0709733	0.0596758	0.0582112	
0	0.0709733	0.0596758	0.0582112	
0	0.0709733	0.0596758	0.0582112	
0	0.0709733	0.0596758	0.0582112	
0	0.0709733	0.0596758	0.0582112	
0	0.0709733	0.0596758	0.0582112	
0	0.0709733	0.0596758	0.0582112	
0	0.0709733	0.0596758	0.0582112	
0	0.0709733	0.0596758	0.0582112	
0	0.0709733	0.0596758	0.0582112	
0	0.0709733	0.0596758	0.0582112	
0	0.0709733	0.0596758	0.0582112	
0	0.0709733	0.0596758	0.0582112	
0	0.0709733	0.0596758	0.0582112	
0	0.0709733	0.0596758	0.0582112	
0	0.0709733	0.0596758	0.0582112	
0	0.0709733	0.0596758	0.0582112	
0	0.0709733	0.0596758	0.0582112	
0	0.0709733	0.0596758	0.0582112	
0	0.0709733	0.0596758	0.0582112	
0	0.0709733	0.0596758	0.0582112	
0	0.0709733	0.0596758	0.0582112	
0	0.0709733	0.0596758	0.0582112	
0	0.0709733	0.0596758	0.0582112	
0	0.0709733	0.0596758	0.0582112	



#Generation 40 / 100
currentGen	40
evaluateCount	2000
totalTime	19.3468
firstFrontCount	50
frontCount	1
avgEvalTime	0.0125401
#end
Var1	Obj1	Obj2	Obj3	
0	0.0709733	0.0596758	0.0582112	
0	0.0709733	0.0596758	0.0582112	
0	0.0709733	0.0596758	0.0582112	
0	0.0709733	0.0596758	0.0582112	
0	0.0709733	0.0596758	0.0582112	
0	0.0709733	0.0596758	0.0582112	
0	0.0709733	0.0596758	0.0582112	
0	0.0709733	0.0596758	0.0582112	
0	0.0709733	0.0596758	0.0582112	
0	0.0709733	0.0596758	0.0582112	
0	0.0709733	0.0596758	0.0582112	
0	0.0709733	0.0596758	0.0582112	
0	0.0709733	0.0596758	0.0582112	
0	0.0709733	0.0596758	0.0582112	
0	0.0709733	0.0596758	0.0582112	
0	0.0709733	0.0596758	0.0582112	
0	0.0709733	0.0596758	0.0582112	
0	0.0709733	0.0596758	0.0582112	
0	0.0709733	0.0596758	0.0582112	
0	0.0709733	0.0596758	0.0582112	
0	0.0709733	0.0596758	0.0582112	
0	0.0709733	0.0596758	0.0582112	
0	0.0709733	0.0596758	0.0582112	
0	0.0709733	0.0596758	0.0582112	
0	0.0709733	0.0596758	0.0582112	
0	0.0709733	0.0596758	0.0582112	
0	0.0709733	0.0596758	0.0582112	
0	0.0709733	0.0596758	0.0582112	
0	0.0709733	0.0596758	0.0582112	
0	0.0709733	0.0596758	0.0582112	
0	0.0709733	0.0596758	0.0582112	
0	0.0709733	0.0596758	0.0582112	
0	0.0709733	0.0596758	0.0582112	
0	0.0709733	0.0596758	0.0582112	
0	0.0709733	0.0596758	0.0582112	
0	0.0709733	0.0596758	0.0582112	
0	0.0709733	0.0596758	0.0582112	
0	0.0709733	0.0596758	0.0582112	
0	0.0709733	0.0596758	0.0582112	
0	0.0709733	0.0596758	0.0582112	
0	0.0709733	0.0596758	0.0582112	
0	0.0709733	0.0596758	0.0582112	
0	0.0709733	0.0596758	0.0582112	
0	0.0709733	0.0596758	0.0582112	
0	0.0709733	0.0596758	0.0582112	
0	0.0709733	0.0596758	0.0582112	
0	0.0709733	0.0596758	0.0582112	
0	0.0709733	0.0596758	0.0582112	
0	0.0709733	0.0596758	0.0582112	
0	0.0709733	0.0596758	0.0582112	



#Generation 50 / 100
currentGen	50
evaluateCount	2500
totalTime	24.7688
firstFrontCount	50
frontCount	1
avgEvalTime	0.00950683
#end
Var1	Obj1	Obj2	Obj3	
0	0.0709733	0.0596758	0.0582112	
0	0.0709733	0.0596758	0.0582112	
0	0.0709733	0.0596758	0.0582112	
0	0.0709733	0.0596758	0.0582112	
0	0.0709733	0.0596758	0.0582112	
0	0.0709733	0.0596758	0.0582112	
0	0.0709733	0.0596758	0.0582112	
0	0.0709733	0.0596758	0.0582112	
0	0.0709733	0.0596758	0.0582112	
0	0.0709733	0.0596758	0.0582112	
0	0.0709733	0.0596758	0.0582112	
0	0.0709733	0.0596758	0.0582112	
0	0.0709733	0.0596758	0.0582112	
0	0.0709733	0.0596758	0.0582112	
0	0.0709733	0.0596758	0.0582112	
0	0.0709733	0.0596758	0.0582112	
0	0.0709733	0.0596758	0.0582112	
0	0.0709733	0.0596758	0.0582112	
0	0.0709733	0.0596758	0.0582112	
0	0.0709733	0.0596758	0.0582112	
0	0.0709733	0.0596758	0.0582112	
0	0.0709733	0.0596758	0.0582112	
0	0.0709733	0.0596758	0.0582112	
0	0.0709733	0.0596758	0.0582112	
0	0.0709733	0.0596758	0.0582112	
0	0.0709733	0.0596758	0.0582112	
0	0.0709733	0.0596758	0.0582112	
0	0.0709733	0.0596758	0.0582112	
0	0.0709733	0.0596758	0.0582112	
0	0.0709733	0.0596758	0.0582112	
0	0.0709733	0.0596758	0.0582112	
0	0.0709733	0.0596758	0.0582112	
0	0.0709733	0.0596758	0.0582112	
0	0.0709733	0.0596758	0.0582112	
0	0.0709733	0.0596758	0.0582112	
0	0.0709733	0.0596758	0.0582112	
0	0.0709733	0.0596758	0.0582112	
0	0.0709733	0.0596758	0.0582112	
0	0.0709733	0.0596758	0.0582112	
0	0.0709733	0.0596758	0.0582112	
0	0.0709733	0.0596758	0.0582112	
0	0.0709733	0.0596758	0.0582112	
0	0.0709733	0.0596758	0.0582112	
0	0.0709733	0.0596758	0.0582112	
0	0.0709733	0.0596758	0.0582112	
0	0.0709733	0.0596758	0.0582112	
0	0.0709733	0.0596758	0.0582112	
0	0.0709733	0.0596758	0.0582112	
0	0.0709733	0.0596758	0.0582112	
0	0.0709733	0.0596758	0.0582112	



#Generation 60 / 100
currentGen	60
evaluateCount	3000
totalTime	29.8568
firstFrontCount	50
frontCount	1
avgEvalTime	0.00936607
#end
Var1	Obj1	Obj2	Obj3	
0	0.0709733	0.0596758	0.0582112	
0	0.0709733	0.0596758	0.0582112	
0	0.0709733	0.0596758	0.0582112	
0	0.0709733	0.0596758	0.0582112	
0	0.0709733	0.0596758	0.0582112	
0	0.0709733	0.0596758	0.0582112	
0	0.0709733	0.0596758	0.0582112	
0	0.0709733	0.0596758	0.0582112	
0	0.0709733	0.0596758	0.0582112	
0	0.0709733	0.0596758	0.0582112	
0	0.0709733	0.0596758	0.0582112	
0	0.0709733	0.0596758	0.0582112	
0	0.0709733	0.0596758	0.0582112	
0	0.0709733	0.0596758	0.0582112	
0	0.0709733	0.0596758	0.0582112	
0	0.0709733	0.0596758	0.0582112	
0	0.0709733	0.0596758	0.0582112	
0	0.0709733	0.0596758	0.0582112	
0	0.0709733	0.0596758	0.0582112	
0	0.0709733	0.0596758	0.0582112	
0	0.0709733	0.0596758	0.0582112	
0	0.0709733	0.0596758	0.0582112	
0	0.0709733	0.0596758	0.0582112	
0	0.0709733	0.0596758	0.0582112	
0	0.0709733	0.0596758	0.0582112	
0	0.0709733	0.0596758	0.0582112	
0	0.0709733	0.0596758	0.0582112	
0	0.0709733	0.0596758	0.0582112	
0	0.0709733	0.0596758	0.0582112	
0	0.0709733	0.0596758	0.0582112	
0	0.0709733	0.0596758	0.0582112	
0	0.0709733	0.0596758	0.0582112	
0	0.0709733	0.0596758	0.0582112	
0	0.0709733	0.0596758	0.0582112	
0	0.0709733	0.0596758	0.0582112	
0	0.0709733	0.0596758	0.0582112	
0	0.0709733	0.0596758	0.0582112	
0	0.0709733	0.0596758	0.0582112	
0	0.0709733	0.0596758	0.0582112	
0	0.0709733	0.0596758	0.0582112	
0	0.0709733	0.0596758	0.0582112	
0	0.0709733	0.0596758	0.0582112	
0	0.0709733	0.0596758	0.0582112	
0	0.0709733	0.0596758	0.0582112	
0	0.0709733	0.0596758	0.0582112	
0	0.0709733	0.0596758	0.0582112	
0	0.0709733	0.0596758	0.0582112	
0	0.0709733	0.0596758	0.0582112	
0	0.0709733	0.0596758	0.0582112	
0	0.0709733	0.0596758	0.0582112	



#Generation 70 / 100
currentGen	70
evaluateCount	3500
totalTime	34.6906
firstFrontCount	50
frontCount	1
avgEvalTime	0.00894078
#end
Var1	Obj1	Obj2	Obj3	
0	0.0709733	0.0596758	0.0582112	
0	0.0709733	0.0596758	0.0582112	
0	0.0709733	0.0596758	0.0582112	
0	0.0709733	0.0596758	0.0582112	
0	0.0709733	0.0596758	0.0582112	
0	0.0709733	0.0596758	0.0582112	
0	0.0709733	0.0596758	0.0582112	
0	0.0709733	0.0596758	0.0582112	
0	0.0709733	0.0596758	0.0582112	
0	0.0709733	0.0596758	0.0582112	
0	0.0709733	0.0596758	0.0582112	
0	0.0709733	0.0596758	0.0582112	
0	0.0709733	0.0596758	0.0582112	
0	0.0709733	0.0596758	0.0582112	
0	0.0709733	0.0596758	0.0582112	
0	0.0709733	0.0596758	0.0582112	
0	0.0709733	0.0596758	0.0582112	
0	0.0709733	0.0596758	0.0582112	
0	0.0709733	0.0596758	0.0582112	
0	0.0709733	0.0596758	0.0582112	
0	0.0709733	0.0596758	0.0582112	
0	0.0709733	0.0596758	0.0582112	
0	0.0709733	0.0596758	0.0582112	
0	0.0709733	0.0596758	0.0582112	
0	0.0709733	0.0596758	0.0582112	
0	0.0709733	0.0596758	0.0582112	
0	0.0709733	0.0596758	0.0582112	
0	0.0709733	0.0596758	0.0582112	
0	0.0709733	0.0596758	0.0582112	
0	0.0709733	0.0596758	0.0582112	
0	0.0709733	0.0596758	0.0582112	
0	0.0709733	0.0596758	0.0582112	
0	0.0709733	0.0596758	0.0582112	
0	0.0709733	0.0596758	0.0582112	
0	0.0709733	0.0596758	0.0582112	
0	0.0709733	0.0596758	0.0582112	
0	0.0709733	0.0596758	0.0582112	
0	0.0709733	0.0596758	0.0582112	
0	0.0709733	0.0596758	0.0582112	
0	0.0709733	0.0596758	0.0582112	
0	0.0709733	0.0596758	0.0582112	
0	0.0709733	0.0596758	0.0582112	
0	0.0709733	0.0596758	0.0582112	
0	0.0709733	0.0596758	0.0582112	
0	0.0709733	0.0596758	0.0582112	
0	0.0709733	0.0596758	0.0582112	
0	0.0709733	0.0596758	0.0582112	
0	0.0709733	0.0596758	0.0582112	
0	0.0709733	0.0596758	0.0582112	
0	0.0709733	0.0596758	0.0582112	



#Generation 80 / 100
currentGen	80
evaluateCount	4000
totalTime	39.2306
firstFrontCount	50
frontCount	1
avgEvalTime	0.00823602
#end
Var1	Obj1	Obj2	Obj3	
0	0.0709733	0.0596758	0.0582112	
0	0.0709733	0.0596758	0.0582112	
0	0.0709733	0.0596758	0.0582112	
0	0.0709733	0.0596758	0.0582112	
0	0.0709733	0.0596758	0.0582112	
0	0.0709733	0.0596758	0.0582112	
0	0.0709733	0.0596758	0.0582112	
0	0.0709733	0.0596758	0.0582112	
0	0.0709733	0.0596758	0.0582112	
0	0.0709733	0.0596758	0.0582112	
0	0.0709733	0.0596758	0.0582112	
0	0.0709733	0.0596758	0.0582112	
0	0.0709733	0.0596758	0.0582112	
0	0.0709733	0.0596758	0.0582112	
0	0.0709733	0.0596758	0.0582112	
0	0.0709733	0.0596758	0.0582112	
0	0.0709733	0.0596758	0.0582112	
0	0.0709733	0.0596758	0.0582112	
0	0.0709733	0.0596758	0.0582112	
0	0.0709733	0.0596758	0.0582112	
0	0.0709733	0.0596758	0.0582112	
0	0.0709733	0.0596758	0.0582112	
0	0.0709733	0.0596758	0.0582112	
0	0.0709733	0.0596758	0.0582112	
0	0.0709733	0.0596758	0.0582112	
0	0.0709733	0.0596758	0.0582112	
0	0.0709733	0.0596758	0.0582112	
0	0.0709733	0.0596758	0.0582112	
0	0.0709733	0.0596758	0.0582112	
0	0.0709733	0.0596758	0.0582112	
0	0.0709733	0.0596758	0.0582112	
0	0.0709733	0.0596758	0.0582112	
0	0.0709733	0.0596758	0.0582112	
0	0.0709733	0.0596758	0.0582112	
0	0.0709733	0.0596758	0.0582112	
0	0.0709733	0.0596758	0.0582112	
0	0.0709733	0.0596758	0.0582112	
0	0.0709733	0.0596758	0.0582112	
0	0.0709733	0.0596758	0.0582112	
0	0.0709733	0.0596758	0.0582112	
0	0.0709733	0.0596758	0.0582112	
0	0.0709733	0.0596758	0.0582112	
0	0.0709733	0.0596758	0.0582112	
0	0.0709733	0.0596758	0.0582112	
0	0.0709733	0.0596758	0.0582112	
0	0.0709733	0.0596758	0.0582112	
0	0.0709733	0.0596758	0.0582112	
0	0.0709733	0.0596758	0.0582112	
0	0.0709733	0.0596758	0.0582112	
0	0.0709733	0.0596758	0.0582112	



#Generation 90 / 100
currentGen	90
evaluateCount	4500
totalTime	43.6419
firstFrontCount	50
frontCount	1
avgEvalTime	0.00809265
#end
Var1	Obj1	Obj2	Obj3	
0	0.0709733	0.0596758	0.0582112	
0	0.0709733	0.0596758	0.0582112	
0	0.0709733	0.0596758	0.0582112	
0	0.0709733	0.0596758	0.0582112	
0	0.0709733	0.0596758	0.0582112	
0	0.0709733	0.0596758	0.0582112	
0	0.0709733	0.0596758	0.0582112	
0	0.0709733	0.0596758	0.0582112	
0	0.0709733	0.0596758	0.0582112	
0	0.0709733	0.0596758	0.0582112	
0	0.0709733	0.0596758	0.0582112	
0	0.0709733	0.0596758	0.0582112	
0	0.0709733	0.0596758	0.0582112	
0	0.0709733	0.0596758	0.0582112	
0	0.0709733	0.0596758	0.0582112	
0	0.0709733	0.0596758	0.0582112	
0	0.0709733	0.0596758	0.0582112	
0	0.0709733	0.0596758	0.0582112	
0	0.0709733	0.0596758	0.0582112	
0	0.0709733	0.0596758	0.0582112	
0	0.0709733	0.0596758	0.0582112	
0	0.0709733	0.0596758	0.0582112	
0	0.0709733	0.0596758	0.0582112	
0	0.0709733	0.0596758	0.0582112	
0	0.0709733	0.0596758	0.0582112	
0	0.0709733	0.0596758	0.0582112	
0	0.0709733	0.0596758	0.0582112	
0	0.0709733	0.0596758	0.0582112	
0	0.0709733	0.0596758	0.0582112	
0	0.0709733	0.0596758	0.0582112	
0	0.0709733	0.0596758	0.0582112	
0	0.0709733	0.0596758	0.0582112	
0	0.0709733	0.0596758	0.0582112	
0	0.0709733	0.0596758	0.0582112	
0	0.0709733	0.0596758	0.0582112	
0	0.0709733	0.0596758	0.0582112	
0	0.0709733	0.0596758	0.0582112	
0	0.0709733	0.0596758	0.0582112	
0	0.0709733	0.0596758	0.0582112	
0	0.0709733	0.0596758	0.0582112	
0	0.0709733	0.0596758	0.0582112	
0	0.0709733	0.0596758	0.0582112	
0	0.0709733	0.0596758	0.0582112	
0	0.0709733	0.0596758	0.0582112	
0	0.0709733	0.0596758	0.0582112	
0	0.0709733	0.0596758	0.0582112	
0	0.0709733	0.0596758	0.0582112	
0	0.0709733	0.0596758	0.0582112	
0	0.0709733	0.0596758	0.0582112	
0	0.0709733	0.0596758	0.0582112	



#Generation 100 / 100
currentGen	100
evaluateCount	5000
totalTime	48.0688
firstFrontCount	50
frontCount	1
avgEvalTime	0.00825082
#end
Var1	Obj1	Obj2	Obj3	
0	0.0709733	0.0596758	0.0582112	
0	0.0709733	0.0596758	0.0582112	
0	0.0709733	0.0596758	0.0582112	
0	0.0709733	0.0596758	0.0582112	
0	0.0709733	0.0596758	0.0582112	
0	0.0709733	0.0596758	0.0582112	
0	0.0709733	0.0596758	0.0582112	
0	0.0709733	0.0596758	0.0582112	
0	0.0709733	0.0596758	0.0582112	
0	0.0709733	0.0596758	0.0582112	
0	0.0709733	0.0596758	0.0582112	
0	0.0709733	0.0596758	0.0582112	
0	0.0709733	0.0596758	0.0582112	
0	0.0709733	0.0596758	0.0582112	
0	0.0709733	0.0596758	0.0582112	
0	0.0709733	0.0596758	0.0582112	
0	0.0709733	0.0596758	0.0582112	
0	0.0709733	0.0596758	0.0582112	
0	0.0709733	0.0596758	0.0582112	
0	0.0709733	0.0596758	0.0582112	
0	0.0709733	0.0596758	0.0582112	
0	0.0709733	0.0596758	0.0582112	
0	0.0709733	0.0596758	0.0582112	
0	0.0709733	0.0596758	0.0582112	
0	0.0709733	0.0596758	0.0582112	
0	0.0709733	0.0596758	0.0582112	
0	0.0709733	0.0596758	0.0582112	
0	0.0709733	0.0596758	0.0582112	
0	0.0709733	0.0596758	0.0582112	
0	0.0709733	0.0596758	0.0582112	
0	0.0709733	0.0596758	0.0582112	
0	0.0709733	0.0596758	0.0582112	
0	0.0709733	0.0596758	0.0582112	
0	0.0709733	0.0596758	0.0582112	
0	0.0709733	0.0596758	0.0582112	
0	0.0709733	0.0596758	0.0582112	
0	0.0709733	0.0596758	0.0582112	
0	0.0709733	0.0596758	0.0582112	
0	0.0709733	0.0596758	0.0582112	
0	0.0709733	0.0596758	0.0582112	
0	0.0709733	0.0596758	0.0582112	
0	0.0709733	0.0596758	0.0582112	
0	0.0709733	0.0596758	0.0582112	
0	0.0709733	0.0596758	0.0582112	
0	0.0709733	0.0596758	0.0582112	
0	0.0709733	0.0596758	0.0582112	
0	0.0709733	0.0596758	0.0582112	
0	0.0709733	0.0596758	0.0582112	
0	0.0709733	0.0596758	0.0582112	
0	0.0709733	0.0596758	0.0582112	



